-5.754919888637289205e+00,2.159831834001682438e+00,4.759243867372034309e+00,-2.588820520922486493e-03,9.838992240941368816e-01,8.579583174624029196e-01
-5.837361103152405306e+00,2.102549568161176552e+00,4.875273670410840587e+00,-1.006744228097333251e-02,9.940031699981235480e-01,8.647131209064319313e-01
-5.919848869331876706e+00,2.045298495527973159e+00,4.991303473449645978e+00,-2.991917442974255381e-02,1.004313166775900878e+00,8.720874771529667502e-01
-6.002495169251615081e+00,1.988304479761389132e+00,5.107333276488452256e+00,-5.472379606942157776e-02,1.015081709861301196e+00,8.801573061160646860e-01
-6.085411984987525891e+00,1.931793384520745116e+00,5.223363079527258535e+00,-7.966117668662441031e-02,1.026561238332158954e+00,8.884316087421593178e-01
-6.168711298615531469e+00,1.875991073465348657e+00,5.339392882566064813e+00,-1.047879900227046135e-01,1.039004423129351817e+00,8.964627696470518492e-01
-6.252505092211535498e+00,1.821123410254519959e+00,5.455422685604870203e+00,-1.301392992580399921e-01,1.052664542164004846e+00,9.050709200849217373e-01
-6.336905347851450543e+00,1.767416258547575225e+00,5.571452488643676482e+00,-1.557209676753516514e-01,1.067795925831316550e+00,9.143630835777432075e-01
-6.422024047611183839e+00,1.715095482003830663e+00,5.687482291682481872e+00,-1.815015206410594828e-01,1.084654450851449958e+00,9.245295122366642415e-01
-6.507973173566642622e+00,1.664386944282605807e+00,5.803512094721288150e+00,-2.074036472898214967e-01,1.103498054963768737e+00,9.357709756011185487e-01
-6.594864707793749226e+00,1.615516509043209537e+00,5.919541897760094429e+00,-2.332049237312293632e-01,1.124587240686939493e+00,9.459031417759157234e-01
-6.682810632368407333e+00,1.568710039944962054e+00,6.035571700798900707e+00,-2.548880233825119301e-01,1.148120009105942918e+00,9.560117782550701104e-01
-6.771921057270667177e+00,1.524190311394312713e+00,6.151601503837706097e+00,-2.636740097783112358e-01,1.173854909918957024e+00,9.674023879402056103e-01
-6.862229107607189071e+00,1.482053060637982700e+00,6.267631306876512376e+00,-2.581507672236426076e-01,1.201705922571919549e+00,9.800383817037897627e-01
-6.953665398066596559e+00,1.442224866596195643e+00,6.383661109915317766e+00,-2.468627547057052063e-01,1.230886195191238430e+00,9.904583938268102239e-01
-7.046153434545497696e+00,1.404620577563272521e+00,6.499690912954124045e+00,-2.352136382068986398e-01,1.260782366470943439e+00,1.003183509867435319e+00
-7.139616722940481885e+00,1.369155041833542530e+00,6.615720715992930323e+00,-2.236228946266680118e-01,1.290835698886516392e+00,1.017984250084821296e+00
-7.233978769148148302e+00,1.335743107701332866e+00,6.731750519031736602e+00,-2.121530492749605368e-01,1.320040313501363638e+00,1.030762090955665178e+00
-7.329163079065088127e+00,1.304299623460970059e+00,6.847780322070542880e+00,-2.008531261126592360e-01,1.344629048856468945e+00,1.044834441069551811e+00
-7.425093158587893427e+00,1.274739437406783527e+00,6.963810125109348270e+00,-1.897597575808570025e-01,1.354064019772827976e+00,1.059775723913256584e+00
-7.521692513613173148e+00,1.246977397833095136e+00,4.759243867372034309e+00,-1.788983976257685349e-01,1.339478057449699389e+00,1.074914911266814377e+00
-7.618884650037515804e+00,1.220928353034233860e+00,4.876537357033306819e+00,-1.682845568273770576e-01,1.319696419086313854e+00,1.089170710501508044e+00
-7.716593073757517907e+00,1.196507151304527117e+00,4.990924522194146284e+00,-1.579249986546452378e-01,1.298876261265305754e+00,1.102105867797613215e+00
-7.814741290669775076e+00,1.173628640938300771e+00,5.102609511260898678e+00,-1.478188535331230458e-01,1.277234703454976916e+00,1.114067159257448481e+00
-7.913252806670876716e+00,1.152207670229883796e+00,5.211783795940871045e+00,-1.379586220725333989e-01,1.256675909783843137e+00,1.125020502296222746e+00
-8.012051127657432659e+00,1.132159087473599390e+00,5.318633384791973562e+00,-1.283310503679983006e-01,1.237794083247358401e+00,1.135364237673698762e+00
-8.111059759526030533e+00,1.113397740963776306e+00,5.423296903387957002e+00,-1.191518566873912555e-01,1.220610263324831024e+00,1.145506911090493407e+00
-8.210202208173264182e+00,1.095838478994741072e+00,5.525967096488441754e+00,-1.127977226660437371e-01,1.205018621649648347e+00,1.155857144954229643e+00
-8.309407469586242101e+00,1.079404797678374051e+00,5.626810810925465312e+00,-1.123061950695183192e-01,1.192235571173355435e+00,1.166814492654272506e+00
-8.408655625398859357e+00,1.064100661627540800e+00,5.725957311474091149e+00,-1.163736955694779224e-01,1.182500505920599521e+00,1.178666035764269093e+00
-8.507954529203946237e+00,1.049973780969586379e+00,5.823521508082261100e+00,-1.216223589618941475e-01,1.175740106113858818e+00,1.189557577741013672e+00
-8.607312311749632627e+00,1.037072302398196033e+00,5.919601904666263792e+00,-1.268483431112848170e-01,1.171871309163983854e+00,1.200870333245055210e+00
-8.706737103784055520e+00,1.025444372607052568e+00,6.014283365512770985e+00,-1.320247307115458568e-01,1.169903693305568426e+00,1.212323052200880769e+00
-8.806237036055357237e+00,1.015138138289840342e+00,6.107639590922262940e+00,-1.371349214566329744e-01,1.170212311623266110e+00,1.223390704008092023e+00
-8.905820239311667663e+00,1.006201746140242825e+00,6.199735313275340332e+00,-1.421609438470995967e-01,1.173299668179963673e+00,1.233548146264179968e+00
-9.005494844301141555e+00,9.986833428519423794e-01,6.290628253247429136e+00,-1.470835242912654772e-01,1.179074943414094800e+00,1.242270164659723619e+00
-9.105268981771905246e+00,9.926310751186231407e-01,6.380370869612287166e+00,-1.518821885189157173e-01,1.187447280509807301e+00,1.249055971172333468e+00
-9.205150782472102833e+00,9.880930896339688019e-01,6.469011931679903071e+00,-1.565353978165889282e-01,1.198325932092386026e+00,1.253774117857819448e+00
-9.305148377149871308e+00,9.851175330916627226e-01,6.556597938732381614e+00,-1.610207218870737533e-01,1.211620459133535110e+00,1.256579371381240318e+00
-9.405269896553340558e+00,9.837525521853884847e-01,6.643174405446157671e+00,-1.653150492117816672e-01,1.227240971482049137e+00,1.257633989903726546e+00
-9.505523471430668891e+00,9.840462936088292256e-01,6.728787200688554293e+00,-1.693948346592883403e-01,1.245098398619438385e+00,1.257100204660109410e+00
-9.605917232529979088e+00,9.860469040556688602e-01,6.813490127310293687e+00,-1.731509744853274579e-01,1.264727650585258045e+00,1.255140206016940763e+00
-9.706459310599417023e+00,9.898025302195907482e-01,6.897312560138079363e+00,-1.756384611676783392e-01,1.286238226777222105e+00,1.251944681693395900e+00
-9.807151766150948191e+00,9.953576922768367918e-01,6.980270360892818715e+00,-1.758437630958603892e-01,1.309888494828703287e+00,1.248138823159131938e+00
-9.907933297857457688e+00,1.002719056388071017e+00,7.062377287214722799e+00,-1.745988080947193655e-01,1.335702310578780416e+00,1.244719120904936416e+00
-1.000870490561600512e+01,1.011870766481823170e+00,7.143601148471718787e+00,-1.733873421192853592e-01,1.363675782823862592e+00,1.240450350769031429e+00
-1.010936708957692964e+01,1.022796667924912750e+00,7.223914729348612340e+00,-1.727020785402432757e-01,1.393802450432964246e+00,1.236733708822154831e+00
-1.020982034989059528e+01,1.035480606084159483e+00,7.303289666267195557e+00,-1.725458054134008656e-01,1.426073488344878237e+00,1.235512750966283546e+00
-1.030996518670734829e+01,1.049906426326382869e+00,7.381696805115359084e+00,-1.729193045399550765e-01,1.460477703099682278e+00,1.234380057864374436e+00
-1.040970210017753850e+01,1.066057974018401966e+00,7.434970703085718391e+00,-1.738276787082729258e-01,1.497001688560077426e+00,1.235064265802507055e+00
-1.050893159045153169e+01,1.083919094527038274e+00,7.302591582631862366e+00,-1.752804434445346116e-01,1.535630113141825959e+00,1.238766438878400100e+00
-1.060755415767967236e+01,1.103473633219111072e+00,7.171395702912803038e+00,-1.772916630713332609e-01,1.575380789989852426e+00,1.242289347073545658e+00
-1.070547030201231919e+01,1.124705435461440306e+00,7.042892930750767277e+00,-1.798801321719852020e-01,1.617211315113790793e+00,1.249767053577187204e+00
-1.080258052359982557e+01,1.147598346620844589e+00,6.918684129463327892e+00,-1.830696029737826636e-01,1.661123837102208345e+00,1.256251533431690159e+00
-1.089878532259253063e+01,1.172136212064143201e+00,6.800586665733407976e+00,-1.868890583271159700e-01,1.622959619536426423e+00,1.264027882006617087e+00
-1.099398519914081085e+01,1.198302877158158530e+00,6.690830914145467823e+00,-1.912291130109981252e-01,1.554727765454666510e+00,1.272105832595692654e+00
-1.108808065339500715e+01,1.226082187269709189e+00,6.592431745591087910e+00,-1.921064430802828238e-01,1.491747621181062300e+00,1.278674992100417906e+00
-1.118097913025538759e+01,1.255454169194399894e+00,6.510325507802418699e+00,-1.807635213322523471e-01,1.433911597399526006e+00,1.281931319379953749e+00
-1.127276789630077225e+01,1.286299974765568566e+00,6.454734729345926070e+00,-1.552516009210350156e-01,1.377787008916901756e+00,1.278148718095363012e+00
-1.136372596561166937e+01,1.318395323439612410e+00,6.432801079714185910e+00,-1.231223619524705049e-01,1.327812791773737233e+00,1.268485011290849007e+00
-1.145414168526665222e+01,1.351510802923320265e+00,6.430886724972358692e+00,-8.945404028917094963e-02,1.284257898058583924e+00,1.256287756315987547e+00
-1.154430340234427632e+01,1.385417000923476083e+00,6.442726708968204541e+00,-5.512132374448396044e-02,1.247395633980606933e+00,1.243248690285876146e+00
-1.163449946392309897e+01,1.419884505146865150e+00,6.462354545344608070e+00,-2.076222237461178635e-02,1.215915200911162675e+00,1.231056121713584472e+00
-1.172501821708168102e+01,1.454683903300272751e+00,6.421927423876152119e+00,1.302070706716878558e-02,1.185075288536755256e+00,1.221394637751775925e+00
-1.181614800889857442e+01,1.489585783090482174e+00,6.361485319722870457e+00,4.566634155144336238e-02,1.161291822477235280e+00,1.212305873416530844e+00
-1.190817718645235956e+01,1.524360732224283144e+00,6.282578676190208711e+00,7.665895376101816705e-02,1.144822134268232317e+00,1.206480442807450482e+00
-1.200139409682157954e+01,1.558779338408459170e+00,6.186304679179460919e+00,1.055319682508805007e-01,1.127640960859148445e+00,1.204006959760326678e+00
-1.209608708708480229e+01,1.592612189349795759e+00,6.073557523879685505e+00,1.318728227076639559e-01,1.116202534239435273e+00,1.203859469695300888e+00
-1.219254450432058512e+01,1.625629872755077532e+00,5.945057213567874754e+00,1.553295561924865620e-01,1.112099656911096579e+00,1.205015401961629928e+00
-1.229105469560747999e+01,1.657602976331088884e+00,5.801319818147374185e+00,1.756189865488980983e-01,1.104941352829175605e+00,1.206458383275329727e+00
-1.239190600802406550e+01,1.688302087784618433e+00,5.642607697899494568e+00,1.925351059200386128e-01,1.105667266652908154e+00,1.205586105616129666e+00
-1.249538678864888652e+01,1.717497794822450352e+00,5.468870624198484798e+00,2.058065923339541525e-01,1.109091973300634359e+00,1.198402264488190427e+00
-1.260178489656055056e+01,1.744960566761887488e+00,5.279638815591449763e+00,2.163239646016637263e-01,1.114363654593109931e+00,1.187484496804297684e+00
-1.271111399748338577e+01,1.770394353223674777e+00,5.073662225616330623e+00,2.283602244974854978e-01,1.128150815229531201e+00,1.172973354662650625e+00
-1.282265715006969664e+01,1.793325857516868016e+00,4.851833360397823647e+00,2.458550026724407034e-01,1.139459654343363271e+00,1.158889695660727304e+00
-1.293557705133667213e+01,1.813252583047166855e+00,4.617320766622326822e+00,2.700045888236428659e-01,1.158050883627801619e+00,1.142371320914665311e+00
-1.304903639830147988e+01,1.829672033220267169e+00,4.372636896188158317e+00,3.019941357949686433e-01,1.182311322136772036e+00,1.123569354640309825e+00
-1.316219788798129109e+01,1.842081711441865055e+00,4.118832270379928495e+00,3.436551821918784611e-01,1.204279179108476816e+00,1.100175161522587430e+00
-1.327422421739328584e+01,1.849979121117659053e+00,3.857397236298980125e+00,3.975444511264607517e-01,1.231728700431796719e+00,1.074920694558469281e+00
-1.338427808355463178e+01,1.852861765653345039e+00,3.590247487497258305e+00,4.671096977907998049e-01,1.263185223120329104e+00,1.051708663489154372e+00
-1.349152218348251608e+01,1.850227148454621329e+00,3.319931997594963491e+00,5.568366366688030089e-01,1.291399133902629615e+00,1.034694804904988219e+00
-1.359511921419410463e+01,1.841572772927184465e+00,3.049942711103178272e+00,6.722398066947360418e-01,1.318189379814154183e+00,1.025770250172677089e+00
-1.369423187270657749e+01,1.826396142476731654e+00,2.785169798853747825e+00,8.193759207541559952e-01,1.344630590724562369e+00,1.026224285118319424e+00
-1.378802285603710587e+01,1.804194760508959883e+00,2.532548320491415872e+00,1.003227771097137788e+00,1.369132714507556914e+00,1.034775279405870441e+00
-1.387565486120286096e+01,1.774466130429569022e+00,2.301849831703230986e+00,1.223908619523376373e+00,1.388803869345764719e+00,1.054373640568734949e+00
-1.395629058522102994e+01,1.736707755644251838e+00,2.106098706119306385e+00,1.469764061008788092e+00,1.398749039116530035e+00,1.085180928396216382e+00
-1.402909272510877869e+01,1.690417139558706872e+00,1.961197256181147708e+00,1.693527537648614301e+00,1.402714914404036728e+00,1.124638914653379063e+00
-1.409322427064704186e+01,1.635092037297831702e+00,1.925333118084214368e+00,1.775300613827035967e+00,1.399452213772498510e+00,1.175046118028003184e+00
-1.414819514233393427e+01,1.570528496107506999e+00,1.985327738853230439e+00,1.638323834280839497e+00,1.388302255443830013e+00,1.236186173944419320e+00
-1.419453344300052500e+01,1.497397999603510721e+00,2.146602376156510950e+00,1.380929244038175074e+00,1.368641209626321409e+00,1.305951876214604290e+00
-1.423295310489916687e+01,1.416531808122047265e+00,2.347413928459153531e+00,1.116881438805006121e+00,1.338527426821715771e+00,1.308014277245341139e+00
-1.426416806028219852e+01,1.328761181999337238e+00,2.565990955046324462e+00,8.851012089919164660e-01,1.303883799413483535e+00,1.275415848612699410e+00
-1.428889224140196745e+01,1.234917381571595030e+00,2.781813591690337262e+00,6.942757382573730984e-01,1.266306048435030585e+00,1.247374787987139078e+00
-1.430783958051081761e+01,1.135831667175036142e+00,2.991940919003900134e+00,5.416583805149032260e-01,1.226946947234234697e+00,1.223192141482539963e+00
-1.432172400986109473e+01,1.032335299145882956e+00,3.196467227483636542e+00,4.204126367172977830e-01,1.180923604282885675e+00,1.202074868042470435e+00
-1.433125946170514275e+01,9.252595378203356535e-01,3.395196000669984837e+00,3.232363724892241552e-01,1.137121931199102987e+00,1.182790990615227633e+00
-1.433715986829530564e+01,8.154356435346167276e-01,3.567062657554013416e+00,2.436889635920450881e-01,1.097561691823355057e+00,1.162854751814835774e+00
-1.434013916188392912e+01,7.036948766249412346e-01,3.698588408247836856e+00,1.764320456029810635e-01,1.054363669784725843e+00,1.143528009005989388e+00
-1.434091127472335891e+01,5.908684974275241197e-01,3.673906431908554371e+00,1.170439409168651385e-01,1.019205420188524558e+00,1.122884257011908637e+00
-1.434019013906593543e+01,4.777877662785883772e-01,3.579102433376022852e+00,6.169450562337532029e-02,9.867757650506737699e-01,1.102075606070151981e+00
-1.433868968716401149e+01,3.652839435143331870e-01,3.512137348019823690e+00,9.237605245086594544e-03,9.609184158679596743e-01,1.081691561667198043e+00
-1.433712385126992217e+01,2.541882894709815432e-01,3.521106324421150902e+00,-2.664385561569013877e-02,9.408856572494451731e-01,1.061586260192087572e+00
-1.433608175305305643e+01,1.452147451927237320e-01,3.640466223159371406e+00,-2.764449690147325125e-02,9.277582428178873242e-01,1.041513308311785124e+00
-1.433544087455850402e+01,3.840832562054419252e-02,3.825173600224486048e+00,-1.346054127879718707e-03,9.200338496948873290e-01,1.021488945117065228e+00
-1.433482685525741829e+01,-6.642268096486519946e-02,4.004677620318166653e+00,3.344156678895345708e-02,9.184151767892759777e-01,1.001716492761300259e+00
-1.433386504230964675e+01,-1.694702610492530848e-01,4.175631268930301232e+00,7.104926782353947201e-02,9.199120598797434489e-01,9.824133259086570424e-01
-1.433218078287503694e+01,-2.709264011183463161e-01,4.074749762278911724e+00,1.110419129270392852e-01,9.266756703534495543e-01,9.638080366297373525e-01
-1.432939942411342926e+01,-3.709830876578793513e-01,3.783988757164393757e+00,1.528293605805528810e-01,9.348796681055319135e-01,9.463285036947267637e-01
-1.432514631318466591e+01,-4.698323071535865925e-01,3.471785045567371331e+00,1.956342272415675376e-01,9.472326326097886273e-01,9.308678547907022205e-01
-1.431904679724859797e+01,-5.676660460911951978e-01,3.146865689593431270e+00,2.384755691629969199e-01,9.604584127130942894e-01,9.183885962341801212e-01
-1.431072622346505874e+01,-6.646762909564535304e-01,2.816270384604774968e+00,2.801712976896092444e-01,9.761917204576310292e-01,9.098522281631570285e-01
-1.429980993899389929e+01,-7.610550282350888596e-01,2.487417870864102820e+00,3.193694848182572210e-01,9.935080496106899473e-01,9.062172777275823154e-01
-1.428592329099495828e+01,-8.569942444128355596e-01,2.170252482179310771e+00,3.546168046813895636e-01,1.011101784300139528e+00,9.083896573005278974e-01
-1.426869162662808144e+01,-9.526859259754277831e-01,1.880097813391920836e+00,3.844664861176076975e-01,1.032137517165701901e+00,9.137327080692185799e-01
-1.424774029305311807e+01,-1.048322059408593354e+00,1.640847970618133367e+00,4.076182400471013434e-01,1.050775872206271666e+00,9.252637241691971104e-01
-1.422269463742990325e+01,-1.144094631198079970e+00,1.482888327271782547e+00,4.224419106877063124e-01,1.074360423769447737e+00,9.426323388642657841e-01
-1.419318000691828274e+01,-1.240195627829615121e+00,1.491294244646112155e+00,4.247946375474978553e-01,1.093789289702755241e+00,9.653417160851880396e-01
-1.415886839394520003e+01,-1.336744470677024621e+00,1.644048655685611093e+00,4.166097972605519173e-01,1.118299776177397620e+00,9.928533312156941903e-01
-1.411976785749005181e+01,-1.433337769079635837e+00,1.891712130040155593e+00,4.084905563680908402e-01,1.138850241438447819e+00,1.024336223910799371e+00
-1.407603375518413991e+01,-1.529342982801173534e+00,2.135204358182817064e+00,4.070016971852569720e-01,1.162862029758306992e+00,1.058841216910207716e+00
-1.402782207106439394e+01,-1.624126597118603632e+00,2.375357365079365568e+00,4.129183670785818716e-01,1.184546035811180342e+00,1.093687631950392758e+00
-1.397528878916776129e+01,-1.717055097308875400e+00,2.610976552689064256e+00,4.260617879921274609e-01,1.205943963267934516e+00,1.127922425984223986e+00
-1.391858989353117870e+01,-1.807494968648942324e+00,2.840364864812495505e+00,4.465549384856878357e-01,1.226447681532235157e+00,1.156770291402143824e+00
-1.385788136819159000e+01,-1.894812696415758113e+00,3.061874769143441810e+00,4.747718108422872563e-01,1.243847124808314941e+00,1.184251228731236338e+00
-1.379331919718593369e+01,-1.978374765886272035e+00,3.274052276004678408e+00,5.112782197494430969e-01,1.256633653260051275e+00,1.216731459370603563e+00
-1.372505936455114828e+01,-2.057547662337449346e+00,3.475656355322678248e+00,5.567473525962395309e-01,1.272310137821644149e+00,1.257043014846776163e+00
-1.365325785432417227e+01,-2.131697871046239978e+00,3.665650702940602024e+00,6.118216346686798923e-01,1.290109849642693929e+00,1.302763703826382846e+00
-1.357807065054194773e+01,-2.200191877289595865e+00,3.505900091232679650e+00,6.768838034930573233e-01,1.309199609437754708e+00,1.358117660841810403e+00
-1.349965373724141671e+01,-2.262396166344472270e+00,3.331594707995478633e+00,7.516957049084179721e-01,1.328716123730033560e+00,1.418313824189392447e+00
-1.341816309845952127e+01,-2.317677223487820015e+00,3.214360634702250419e+00,8.348768193548723460e-01,1.347797766694300847e+00,1.477180594339459585e+00
-1.333375471823319103e+01,-2.365401533996601025e+00,3.169077195985219753e+00,9.193961536434340776e-01,1.359508340364951051e+00,1.415844249005364652e+00
-1.324658458059937693e+01,-2.404935583147765232e+00,3.167202929452848981e+00,9.716196195717548001e-01,1.363065668810327313e+00,1.361069557395904628e+00
-1.315681677872461108e+01,-2.435801951141371546e+00,3.200668744370142704e+00,9.504930010627028469e-01,1.364252898540966763e+00,1.315285614724839292e+00
-1.306466041775147424e+01,-2.458389666400895734e+00,3.274988236092323479e+00,8.697859590613483682e-01,1.363425204343885699e+00,1.277883078489731705e+00
-1.297034013136121544e+01,-2.473386670570961510e+00,3.384635005644043293e+00,7.690516625972311227e-01,1.354948042648313589e+00,1.247987472981429535e+00
-1.287408056784391519e+01,-2.481481186506046210e+00,3.524853361482516156e+00,6.655722369952237205e-01,1.345321801889207691e+00,1.224746431176178207e+00
-1.277610637548967354e+01,-2.483361437060619625e+00,3.679570577484145844e+00,5.656016212226475659e-01,1.328864053441653370e+00,1.207330564714016008e+00
-1.267664220258858521e+01,-2.479715645089155984e+00,3.830403273876941128e+00,4.725900681002424553e-01,1.311054489016500124e+00,1.194935366089631135e+00
-1.257591269743074491e+01,-2.471232033446127740e+00,3.978118127609881594e+00,3.878485325450526933e-01,1.290904350902075892e+00,1.186864119487730962e+00
-1.247414250830625093e+01,-2.458598824986009568e+00,4.123190791527045818e+00,3.112767290535022879e-01,1.267730666671861517e+00,1.182530260142415912e+00
-1.237155628350518732e+01,-2.442504242563272143e+00,4.265903054593064070e+00,2.419497153375163023e-01,1.244714516189209030e+00,1.181359690214170755e+00
-1.226837867131764881e+01,-2.423636509032389252e+00,4.406415290563377773e+00,1.785143327197604990e-01,1.222048547500866444e+00,1.182780409284418299e+00
-1.216483432003373366e+01,-2.402683847247834681e+00,4.544820677616276505e+00,1.194220526874448518e-01,1.197667975269314011e+00,1.186218057415973970e+00
-1.206114787794353660e+01,-2.380334480064081326e+00,4.681209267792675099e+00,6.304430452581601119e-02,1.174930054268316759e+00,1.191091960432762109e+00
-1.195754399333715590e+01,-2.357276630335603418e+00,4.815562919052644553e+00,7.711757052634196988e-03,1.154190468502530376e+00,1.196778575356400420e+00
-1.185424731450467206e+01,-2.334198520916871189e+00,4.947638822014964077e+00,-4.649645966374763711e-02,1.135801850585931749e+00,1.202599284463707230e+00
-1.175148248973618692e+01,-2.311788374662358869e+00,5.077073070323984361e+00,-8.807873249084553768e-02,1.119951150438528886e+00,1.207865943600338943e+00
-1.164944416043633169e+01,-2.290645927376537383e+00,4.932830259359545444e+00,-1.026806639538066640e-01,1.105808442171019257e+00,1.211968340213379181e+00
-1.154814240767806410e+01,-2.270826666467325783e+00,4.702877482137183485e+00,-9.698551356311066463e-02,1.094604036354671184e+00,1.214802496173192248e+00
-1.144751719586773042e+01,-2.252179312899220687e+00,4.467765274347741844e+00,-8.605188710931375995e-02,1.085857407292455390e+00,1.216460623609977532e+00
-1.134750835413588455e+01,-2.234552188723133437e+00,4.229533865123541680e+00,-7.434570820346168840e-02,1.079090522394168694e+00,1.217094117735899816e+00
-1.124805571161309636e+01,-2.217793615989978928e+00,3.990109129593705006e+00,-6.195233235430933766e-02,1.073842813319519252e+00,1.216950188414706924e+00
-1.114909909742993044e+01,-2.201751916750671167e+00,3.751537501711023292e+00,-4.895499831303636029e-02,1.069870416018964931e+00,1.216286420982127359e+00
-1.105057834071695844e+01,-2.186275413056123718e+00,3.516196482271712664e+00,-3.544269253666892244e-02,1.067089683036265058e+00,1.215361442381867052e+00
-1.095243327060474670e+01,-2.171212426957251918e+00,3.287008525741510034e+00,-2.150947060521828449e-02,1.065421282222885235e+00,1.214434570455791507e+00
-1.085460371622384912e+01,-2.156411280504965777e+00,3.067672007729251415e+00,-7.253903322816023826e-03,1.064786103487600277e+00,1.213764499980477307e+00
-1.075702950670483915e+01,-2.141720295750180636e+00,2.862900940582763454e+00,7.221378168732055756e-03,1.065104971650992161e+00,1.213446226966657049e+00
-1.065965047117828490e+01,-2.126987794743810500e+00,2.678616884965320910e+00,2.181008013347463664e-02,1.066257631054891464e+00,1.213231286695637623e+00
-1.056240643877474739e+01,-2.112062099536768933e+00,2.521915399550968218e+00,3.640264161343412241e-02,1.067090684359834896e+00,1.212827614815449540e+00
-1.046523723862480004e+01,-2.096791532179970829e+00,2.404975460882312621e+00,5.088669088868841978e-02,1.068575854151561089e+00,1.211942622242464074e+00
-1.036808269985900033e+01,-2.081024414724327531e+00,2.391779977428318826e+00,6.486296167005435598e-02,1.070640943907383180e+00,1.210283170743803094e+00
-1.027088265160791281e+01,-2.064609069220753490e+00,2.443688706873707428e+00,7.446806868571788363e-02,1.073213187482227937e+00,1.206725307683154558e+00
-1.017357992301349690e+01,-2.047405512732626054e+00,2.587404267831201921e+00,7.429776717816971576e-02,1.076230222880090626e+00,1.201204998365962950e+00
-1.007615423490153539e+01,-2.029417578011438739e+00,2.771626504558617921e+00,6.604154117857319317e-02,1.079763062032947252e+00,1.195040011251644163e+00
-9.978610103086673178e+00,-2.010745756676310503e+00,2.951006085218818242e+00,5.556458482228109758e-02,1.083967499926652200e+00,1.188459727055496407e+00
-9.880952503672242315e+00,-1.991492334700262878e+00,3.126845578173480078e+00,4.521008153583171846e-02,1.088848153673021457e+00,1.181692085577032536e+00
-9.783186412761589068e+00,-1.971759598056321616e+00,3.299676611324414033e+00,3.500058791342872816e-02,1.093382193709163008e+00,1.174965183172599570e+00
-9.685316806458056149e+00,-1.951649832717512245e+00,3.469593117967165075e+00,2.491463670224680627e-02,1.098394371108355694e+00,1.168515135491656753e+00
-9.587348660864993377e+00,-1.931265324656859184e+00,3.636457313418636872e+00,1.492981581276776361e-02,1.103846146217542179e+00,1.162614280719491910e+00
-9.489286952085750571e+00,-1.910708359847389071e+00,3.800025957589200587e+00,5.023155044408199842e-03,1.109556866020538157e+00,1.157545372491923130e+00
-9.391136656223654455e+00,-1.890081224262123660e+00,3.960028399791559295e+00,-4.828522766836223883e-03,1.115345924964079360e+00,1.153591238952279774e+00
-9.292902749382060179e+00,-1.869486203874089814e+00,4.116216306824763471e+00,-1.464827478740912507e-02,1.121032756699209543e+00,1.151034770484130165e+00
-9.194590207664305126e+00,-1.849025584656311505e+00,4.268397393261867734e+00,-2.445872427838870558e-02,1.126436826289235915e+00,1.150158907621822379e+00
-9.096204007173739114e+00,-1.828801652581814485e+00,4.416462392244560498e+00,-3.428174897439946467e-02,1.131073172083759237e+00,1.149745481727954877e+00
-8.997749124013710187e+00,-1.808916693623624505e+00,4.560442466129477346e+00,-4.413816143565016392e-02,1.134062581795050262e+00,1.150461619893348830e+00
-8.899230534287546845e+00,-1.789472993754763763e+00,4.499215783212987319e+00,-5.402707441109087794e-02,1.135946388478404456e+00,1.152567426772755699e+00
-8.800653214098604238e+00,-1.770572838948258676e+00,4.366590639763828108e+00,-6.288991727729476011e-02,1.136545431927396432e+00,1.155363780460333611e+00
-8.702022082937419967e+00,-1.752317670498402924e+00,4.219227092089377962e+00,-6.813125947516848746e-02,1.135630049240071937e+00,1.158150410922737406e+00
-8.603339124067357346e+00,-1.734765120377135483e+00,4.062668412177408150e+00,-6.910015271007222126e-02,1.132197642827544426e+00,1.160269830232289134e+00
-8.504602016333739911e+00,-1.717908597447208363e+00,3.899977661285572328e+00,-6.824530910199087808e-02,1.128184027665068312e+00,1.161127270244594278e+00
-8.405808095717331341e+00,-1.701736394937678476e+00,3.733984610446065222e+00,-6.724157161105658032e-02,1.123838144223566315e+00,1.160205401903596334e+00
-8.306954698198921960e+00,-1.686236806077605843e+00,3.567591127703544363e+00,-6.621418479972909776e-02,1.119408963104367327e+00,1.157767835148446611e+00
-8.208039159759296766e+00,-1.671398124096050042e+00,3.403938802852209733e+00,-6.516436682862164487e-02,1.115145468755737168e+00,1.154554489301037989e+00
-8.109058816379235424e+00,-1.657208642222070649e+00,3.246547966643489325e+00,-6.409333372366389503e-02,1.111296646658133103e+00,1.151312071067773557e+00
-8.010011004039531812e+00,-1.643656653684727686e+00,3.099419976736746740e+00,-6.300229612628066578e-02,1.108111474015827769e+00,1.148787283946514748e+00
-7.910893058720947835e+00,-1.630730451713078510e+00,2.967060612425155508e+00,-6.189245622453011519e-02,1.105838914118316918e+00,1.147726830962930267e+00
-7.811702316404278257e+00,-1.618418329536183808e+00,2.854283815787042045e+00,-6.076500487256820959e-02,1.104727914594739291e+00,1.148264230623527116e+00
-7.712436113070302746e+00,-1.606708580383102714e+00,2.765066005966309248e+00,-5.962111890362226801e-02,1.105027409770332536e+00,1.148748119322998251e+00
-7.613091784699806297e+00,-1.595589497482894359e+00,2.711026379585849799e+00,-5.846195864020239941e-02,1.106928279345803956e+00,1.151120712861591899e+00
-7.513666667273576572e+00,-1.585049374064618988e+00,2.719969745921451576e+00,-5.728866560343568587e-02,1.110379778674843942e+00,1.154394387817977652e+00
-7.414158096772380802e+00,-1.575076503357334623e+00,2.807739319847536663e+00,-5.609651929012500482e-02,1.115268312631291892e+00,1.157563502487258145e+00
-7.314563409177012865e+00,-1.565659178590101064e+00,2.942829852815309621e+00,-5.392597640440151968e-02,1.121480296518262199e+00,1.159622397738899302e+00
-7.214879987845990605e+00,-1.556785462749171289e+00,3.094628763003246519e+00,-4.783428539457468265e-02,1.128466548533232361e+00,1.159565649979229063e+00
-7.115112971132799835e+00,-1.548405731674562524e+00,3.252018219372768026e+00,-3.655244636617756976e-02,1.136374708791177968e+00,1.154159163437249225e+00
-7.015283791625933851e+00,-1.540391175698091031e+00,3.407806189636344296e+00,-2.279837380766723889e-02,1.145210755644828771e+00,1.146053456649974933e+00
-6.915415938393397965e+00,-1.532602991225669786e+00,3.555594411972291979e+00,-8.817043662347787830e-03,1.154731662113127610e+00,1.136329629162992072e+00
-6.815532900503220581e+00,-1.524902374663214211e+00,3.688709648095779503e+00,5.154065568422988575e-03,1.164694385576692248e+00,1.125755577793728701e+00
-6.715658167023422997e+00,-1.517150522416638836e+00,3.798855947585542125e+00,1.913076851188208471e-02,1.174855867350505401e+00,1.115099185019605921e+00
-6.615815227022025624e+00,-1.509208630891857750e+00,3.754638025896692266e+00,3.312843860227041026e-02,1.184973032985761066e+00,1.105111631415750306e+00
-6.516027569567048872e+00,-1.500937896494785928e+00,3.638188457985035651e+00,4.716080818300343036e-02,1.194802793145373965e+00,1.096162710616348290e+00
-6.416318683726521144e+00,-1.492199515631338791e+00,3.506346402935374584e+00,6.123874809095428140e-02,1.204102044911412595e+00,1.088242145300684083e+00
-6.316712058568449528e+00,-1.482854684707428650e+00,3.368255586385606737e+00,7.536901477926763460e-02,1.212641624736612966e+00,1.081323240260900542e+00
-6.217231183160862429e+00,-1.472764600128971368e+00,3.234736512612546466e+00,8.955295819995442996e-02,1.220288729899014157e+00,1.075379305227657234e+00
-6.117899546571780256e+00,-1.461790458301881257e+00,3.131449940321346492e+00,1.037851912850822067e-01,1.226951242652704499e+00,1.070383654547522267e+00
-6.018740637869222532e+00,-1.449793455632072847e+00,3.110905089736843987e+00,1.180522321448609496e-01,1.232537185530138801e+00,1.066312176324240912e+00
-5.919777946121219436e+00,-1.436634788525461781e+00,3.134388726722788565e+00,1.323273510644349671e-01,1.236954578587919018e+00,1.063230504110298291e+00
-5.821034960395776281e+00,-1.422175653387960148e+00,3.223578499862903346e+00,1.447753977161364003e-01,1.240111440742426741e+00,1.061315304901539358e+00
-5.722535144064599955e+00,-1.406277395620285864e+00,3.342479255228717694e+00,1.488869044582109002e-01,1.241915942345562129e+00,1.060749981658717145e+00
-5.624289790959071667e+00,-1.388871923181416834e+00,3.487338137287201434e+00,1.410214566695777716e-01,1.242347835899368702e+00,1.061646333688936794e+00
-5.526278612349649677e+00,-1.370074268966678055e+00,3.646345752963990439e+00,1.269316706218761026e-01,1.241572645335071501e+00,1.063930334235928976e+00
-5.428476262639361671e+00,-1.350028787069538883e+00,3.800354391195018611e+00,1.120772910672609562e-01,1.239785646303729338e+00,1.067497907182326067e+00
-5.330857396231215795e+00,-1.328879831583465787e+00,3.950010007175086990e+00,9.723787412747193770e-02,1.237182121195111062e+00,1.072227712364359542e+00
-5.233396667528243285e+00,-1.306771756601928125e+00,4.095669073840793040e+00,8.243487038689940871e-02,1.233953921959913380e+00,1.077971828039543389e+00
-5.136068730933464721e+00,-1.283848916218394587e+00,4.237492386131658684e+00,6.768014519733535350e-02,1.230248973011309310e+00,1.084580065569931140e+00
-5.038848240849901572e+00,-1.260255664526333641e+00,4.375514013752906273e+00,5.297750167266308818e-02,1.226184843204572328e+00,1.091902235746759597e+00
-4.941709851680584187e+00,-1.236136355619215976e+00,4.509692320544869126e+00,3.832419437316900157e-02,1.221878498406862690e+00,1.099788148913561692e+00
-4.844628217828521599e+00,-1.211635343590506286e+00,4.639948450893284004e+00,2.371241191567024717e-02,1.217446904683830544e+00,1.108087548606014661e+00
-4.747577993696741494e+00,-1.186896982533674816e+00,4.766196460844267513e+00,9.130720431771276874e-03,1.213007027213037992e+00,1.116642370357536773e+00
-4.650533833688268004e+00,-1.162065626542190255e+00,4.888374316645203166e+00,-5.434529827527894742e-03,1.208675829709104699e+00,1.125279510269621142e+00
-4.553470392206120820e+00,-1.137285629709521517e+00,5.006455628026622584e+00,-1.999782519540989345e-02,1.204570274376406180e+00,1.133824152586288214e+00
-4.456362323653331181e+00,-1.112701346129137958e+00,5.120555222855584177e+00,-3.457312271858881125e-02,1.200807322407352107e+00,1.142101480447137218e+00
-4.359184282432906343e+00,-1.088457129894505382e+00,5.231312803781681176e+00,-4.886004110684375595e-02,1.197503935042177003e+00,1.149936676235540967e+00
-4.261910922947877545e+00,-1.064697335099094255e+00,5.339110155851516382e+00,-5.977415799511977268e-02,1.194777075199325411e+00,1.157155041130587092e+00
-4.164519122553928199e+00,-1.041553954526365899e+00,5.444278279154000977e+00,-6.337742413032697308e-02,1.192731152235067427e+00,1.163632661445078265e+00
-4.067005513403580075e+00,-1.019049129242480811e+00,5.547100558994790376e+00,-6.126745606282270329e-02,1.191357427447148343e+00,1.169449984738592185e+00
-3.969377074351736923e+00,-9.971474647674282155e-01,5.647820132184675934e+00,-5.766155870387683346e-02,1.190521608846406343e+00,1.174759710765542087e+00
-3.871640875128469883e+00,-9.758130612859609032e-01,5.719745345431760164e+00,-5.403195091441120174e-02,1.189997763891868843e+00,1.179715054642984651e+00
-3.773803985463867861e+00,-9.550100189828365504e-01,5.555974225631412189e+00,-5.039372409379003215e-02,1.189553445367668827e+00,1.184469233079579409e+00
-3.675873475088012654e+00,-9.347024380428110568e-01,5.398487917892578203e+00,-4.674884744545191456e-02,1.188956192581415161e+00,1.189175402334498699e+00
-3.577856413730987395e+00,-9.148544186506404330e-01,5.250912997899514600e+00,-4.309899250253745179e-02,1.187973532535436139e+00,1.193868009807630415e+00
-3.479759871122882320e+00,-8.954300609910823550e-01,5.116552939542444278e+00,-3.944555282897202475e-02,1.186372984566829603e+00,1.198215591369437671e+00
-3.381590916993764573e+00,-8.763934652488899468e-01,4.998651102813957081e+00,-3.578966447540048862e-02,1.183857086293619743e+00,1.201816401689756342e+00
-3.283356621073725279e+00,-8.577087316088205515e-01,4.900875516744721772e+00,-3.213222700136098009e-02,1.178687765497367090e+00,1.204268692604123503e+00
-3.185064053092845793e+00,-8.393399602556305128e-01,4.830307500121221231e+00,-2.847392490632948830e-02,1.172000976422432172e+00,1.205170716781611473e+00
-3.086720282781209246e+00,-8.212512513740755082e-01,4.805089995298077454e+00,-2.481524934137879779e-02,1.163563359394433672e+00,1.203759313686945553e+00
-2.988332379868905431e+00,-8.034067051489129918e-01,4.777447476670585225e+00,-2.115651999939362551e-02,1.151750449613629934e+00,1.198733881767388487e+00
-2.889907414086003268e+00,-7.857704217648966427e-01,4.707406289082580741e+00,-1.751146020179725898e-02,1.137589120943637511e+00,1.192093957106584723e+00
-2.791452455162590773e+00,-7.683065014067836929e-01,4.612746929447148148e+00,-1.429978509062303400e-02,1.122294277057020784e+00,1.184224974188418544e+00
-2.692974461760039073e+00,-7.509795750434191675e-01,4.501286318893153116e+00,-1.238065920933304961e-02,1.106312157031456689e+00,1.175511819169149152e+00
-2.594477064231079044e+00,-7.337701792324435868e-01,4.377419827938120456e+00,-1.182669829898497574e-02,1.090104732275896771e+00,1.166323129872263387e+00
-2.495960067887014855e+00,-7.166771299468794876e-01,4.244405093087477709e+00,-1.179071176113355782e-02,1.074152038995529912e+00,1.157003998396820110e+00
-2.397423067020847398e+00,-6.997002515908758991e-01,4.104953913468614601e+00,-1.178022095028004659e-02,1.058934821853478647e+00,1.147864707693969644e+00
-2.298865655925600215e+00,-6.828393685685857362e-01,3.961543345017910056e+00,-1.176947892794739242e-02,1.044933543258813380e+00,1.139201220527241931e+00
-2.200287428894285302e+00,-6.660943052841604706e-01,3.816619170479079504e+00,-1.175848638329563683e-02,1.032628443119171013e+00,1.131309427857262184e+00
-2.101687980219920426e+00,-6.494648861417515739e-01,3.672759589825778992e+00,-1.174724402513773087e-02,1.022074148376602931e+00,1.124485202622250268e+00
-2.003066904195525577e+00,-6.329509355455115172e-01,3.532841791670896736e+00,-1.173575258174422258e-02,1.012039568480441742e+00,1.119024404406651962e+00
-1.904423795114102536e+00,-6.165522778995897735e-01,3.400270590733069920e+00,-1.172401280072233286e-02,1.004683383481857817e+00,1.114636106384952363e+00
-1.805758247268673067e+00,-6.002687376081390358e-01,3.279436486885629165e+00,-1.171202544894625781e-02,1.000488454872019428e+00,1.110691275369960485e+00
-1.707069854952251831e+00,-5.841001390753106648e-01,3.178601624483396559e+00,-1.169979131241054987e-02,9.996873023849164319e-01,1.108334321068778605e+00
-1.608358212457854153e+00,-5.680463067052562431e-01,3.128525215249149838e+00,-1.168731119608461266e-02,9.997249353273673922e-01,1.107294230324478157e+00
-1.509622914078501132e+00,-5.521070649021283527e-01,3.141991234633884744e+00,-1.167458592378936739e-02,1.002175779341520911e+00,1.107295383861538696e+00
-1.410863554107194551e+00,-5.362822380700762448e-01,3.226207603676644720e+00,-1.165897659044149229e-02,1.007312081040930174e+00,1.108062168186529917e+00
-1.312079726836955729e+00,-5.205716506132527233e-01,3.345647936790952848e+00,-1.128371479663752876e-02,1.014746851804616989e+00,1.109318971586458646e+00
-1.213271049398982449e+00,-5.049750236072045873e-01,3.488561483838279464e+00,-9.490553663611329613e-03,1.024093099039901533e+00,1.110784524708212651e+00
-1.114440203365887561e+00,-4.894782134316968403e-01,3.644385542605727224e+00,-5.846135359830825426e-03,1.034606424352649823e+00,1.112087004015230418e+00
-1.015595991106430285e+00,-4.740393836621957790e-01,3.796162456480852043e+00,-1.327913115542914439e-03,1.045455228511567469e+00,1.112791624140974100e+00
-9.167479424330068349e-01,-4.586134066430208045e-01,3.944411735322736590e+00,3.273799143192718079e-03,1.057326817141447606e+00,1.112463908652010947e+00
-8.179055871580339643e-01,-4.431551547184951478e-01,4.089410881483733107e+00,7.875976437784796072e-03,1.069793150391491254e+00,1.110669385884611504e+00
-7.190784550939226527e-01,-4.276195002329406525e-01,4.231270547116227299e+00,1.247959777322393479e-02,1.082425851459350330e+00,1.106120923606388917e+00
-6.202760760530858786e-01,-4.119613155306797725e-01,4.369989253505955240e+00,1.708556763714326118e-02,1.094796177834455042e+00,1.097856367769683317e+00
-5.215079798479275164e-01,-3.961354729560333521e-01,4.505493121265192968e+00,2.169467235299394475e-02,1.106475034383210598e+00,1.088366397046872880e+00
-4.227836962908644858e-01,-3.800968448533244004e-01,4.637664837205236701e+00,2.630753617487846530e-02,1.117019922252828312e+00,1.078593749506777444e+00
-3.241127551943001617e-01,-3.638003035668735952e-01,4.766365087724063088e+00,3.092457705830094911e-02,1.124875617881855749e+00,1.069481084264007009e+00
-2.255046863706483551e-01,-3.472007214410036124e-01,4.891448482449524349e+00,3.554596207322501672e-02,1.131276337259854214e+00,1.061970980877641857e+00
-1.269690196323227105e-01,-3.302529708200367953e-01,5.012776472685923856e+00,4.017156246716056117e-02,1.136293737957083438e+00,1.057000188008704322e+00
-2.851528479172650218e-02,-3.129119240482939879e-01,5.130233902972141102e+00,4.480090843674525147e-02,1.139999485527315226e+00,1.053546243023924411e+00
6.984698833872297896e-02,-2.951324534700981994e-01,5.243929563975377128e+00,4.943312195817752691e-02,1.142465251518935743e+00,1.051993488861757697e+00
1.681082699466225072e-01,-2.768694314297701076e-01,5.354206576567452913e+00,5.339353620853849042e-02,1.143762711849021674e+00,1.052999384013728168e+00
2.662590304098083061e-01,-2.580777311210962210e-01,5.461383352173807992e+00,5.356415147803191695e-02,1.143963546352842808e+00,1.056013569349478098e+00
3.642956227320719442e-01,-2.387384915861410772e-01,5.565743025049384229e+00,4.761722389733279853e-02,1.143166351734923758e+00,1.060458830534298569e+00
4.622357209785771248e-01,-2.189280501282724611e-01,5.667538743238936583e+00,3.811348364874015543e-02,1.141567276481042281e+00,1.065660559091463178e+00
5.601018281051690639e-01,-1.987443049849271226e-01,5.766998071457781094e+00,2.805224250301401392e-02,1.139384563392182192e+00,1.070923155091116241e+00
6.579164470677061338e-01,-1.782851543935390914e-01,5.864326687458938814e+00,1.799066463251207393e-02,1.136836455531296419e+00,1.075774266351282149e+00
7.557020808220376029e-01,-1.576484965915444791e-01,5.959711540250130390e+00,7.931573576767620565e-03,1.134134620779395863e+00,1.080236242367340171e+00
8.534812323240119625e-01,-1.369322298163793972e-01,6.053323574654173811e+00,-2.123027085029490380e-03,1.131384237234877244e+00,1.084397841513802474e+00
9.512764045294881399e-01,-1.162342523054777504e-01,6.145320101677436142e+00,-1.217149666826020972e-02,1.128604153394423548e+00,1.088347823591292451e+00
1.049110100394311296e+00,-9.565246229627649699e-02,6.235846872369103622e+00,-2.221210096019025915e-02,1.125810730953094918e+00,1.092174949962939401e+00
1.147004822874340135e+00,-7.528475802620952784e-02,6.325039903954897014e+00,-3.224255741385968071e-02,1.123020332641291974e+00,1.095967884037602813e+00
1.244983074925423816e+00,-5.522903773271299610e-02,6.413027161216694694e+00,-4.225958301814387863e-02,1.120249322704873096e+00,1.099734118799024607e+00
1.343067359503411051e+00,-3.558319965322298550e-02,6.499932822453739156e+00,-5.225844641957556880e-02,1.117514067507855646e+00,1.103253422575411591e+00
1.441280179564160102e+00,-1.644514202517350504e-02,6.585864928686873121e+00,-6.223252680878627041e-02,1.114348986961605226e+00,1.106265929435880313e+00
1.539644038063516351e+00,2.087236913998670711e-03,6.670898808132347924e+00,-7.217288342758357289e-02,1.111091732512066388e+00,1.108511777037175738e+00
1.638181437957339170e+00,1.991603892685946120e-02,6.755073449967373023e+00,-8.172574362584034136e-02,1.107831986720532624e+00,1.109731107769670988e+00
1.736914882201477051e+00,3.694336577597279875e-02,6.838397445022759591e+00,-8.742420536553034693e-02,1.104585714776269656e+00,1.109664075189723986e+00
1.835862816002276743e+00,5.308454354011502008e-02,6.920881611864507121e+00,-8.487460252629178137e-02,1.101358824856692120e+00,1.108177706846472654e+00
1.935006648952059205e+00,6.837559837356313452e-02,7.002535539990669022e+00,-7.592844886684757544e-02,1.098159787248974784e+00,1.105669359762472936e+00
2.034307967579205290e+00,8.291716033616688963e-02,7.083367579843161010e+00,-6.536718376599520708e-02,1.095089032446404209e+00,1.102694024761985414e+00
2.133728170706737703e+00,9.681047122470905208e-02,7.163385189110624829e+00,-5.485725697808705587e-02,1.092256345704837983e+00,1.099807328207724755e+00
2.233228657157666941e+00,1.101567728359708898e-01,7.242595251059684713e+00,-4.439847576181605443e-02,1.089771513804645098e+00,1.097564895354667502e+00
2.332770825755003941e+00,1.230573069667338648e-01,7.321004369887318397e+00,-3.397234308674882547e-02,1.087744324240790261e+00,1.096522347610245696e+00
2.432316075321770299e+00,1.356133154137806052e-01,7.398619145558073207e+00,-2.355823533461312569e-02,1.086284564463353863e+00,1.097126028623798044e+00
2.531825804680974290e+00,1.479260399738920873e-01,7.475446430179859547e+00,-1.313383011872854521e-02,1.085502021173955889e+00,1.097955078875248791e+00
2.631261412655637066e+00,1.600967224438509251e-01,7.551493569573157316e+00,-2.675508497937311228e-03,1.085506479687118331e+00,1.100043714540887896e+00
2.730584298068769566e+00,1.722266046204385392e-01,7.626768650042676789e+00,7.841257630311878127e-03,1.086407723368540967e+00,1.103618094943301875e+00
2.829755859743382729e+00,1.844169283004363225e-01,7.701282808164304328e+00,1.844152108294909789e-02,1.088315533164396998e+00,1.108476909646993969e+00
2.928737496502499038e+00,1.967689352806268888e-01,7.775041178316617341e+00,2.915046511328986054e-02,1.091339687236826395e+00,1.114418981684870857e+00
3.027490607169125880e+00,2.093838673577912146e-01,7.848048252769815214e+00,3.999298577460966980e-02,1.095318759335397019e+00,1.121243293841071464e+00
3.125976590566283519e+00,2.223629663287120251e-01,7.920339972533754214e+00,5.075418833354267828e-02,1.099157367956814291e+00,1.128711417999711308e+00
3.224156845516984227e+00,2.358074739901706296e-01,7.991941499800844895e+00,5.764761377226764599e-02,1.103972625840938582e+00,1.136401365871627878e+00
3.321997984435973716e+00,2.498098353169481700e-01,8.062877112210136588e+00,5.445693927370552634e-02,1.109257685335759636e+00,1.143826095919344699e+00
3.419543679852818929e+00,2.643324728064628815e-01,8.133169032198324544e+00,4.192931200330211189e-02,1.114614772101709450e+00,1.150363226146350115e+00
3.516896442838930437e+00,2.792385314895003412e-01,8.202837447924737901e+00,2.627955329183441491e-02,1.119755566807904223e+00,1.154521440829124002e+00
3.614160270389020990e+00,2.943886492188146908e-01,8.271900819089319512e+00,1.043198203656833280e-02,1.124394468975580930e+00,1.154286535337626374e+00
3.711439159497791351e+00,3.096434638471587397e-01,8.340376165902782191e+00,-5.425133717493963934e-03,1.128245791257624697e+00,1.152083611994773937e+00
3.808837107159944502e+00,3.248636132272847976e-01,8.408279342700879511e+00,-2.117431663544748488e-02,1.131023729816406531e+00,1.149029757712539013e+00
3.906458110370191861e+00,3.399097352119473947e-01,8.475625296300790978e+00,-3.669956793387468136e-02,1.131179984146334805e+00,1.146241664493241164e+00
4.004406166123232858e+00,3.546424676538986187e-01,8.542428311048903211e+00,-5.188660081146754394e-02,1.128652555584432893e+00,1.144835537016696492e+00
4.102785271413779355e+00,3.689224484058925557e-01,8.608702242981852493e+00,-6.662318747940584873e-02,1.123404826043109317e+00,1.145927351021662988e+00
4.201699423236532560e+00,3.826103153206818486e-01,8.674460742424203730e+00,-8.079969492849163604e-02,1.112885453116226220e+00,1.147081551645079633e+00
4.301252618586194565e+00,3.955667062510192511e-01,8.739717809758269951e+00,-9.430986628804742533e-02,1.100909164750786040e+00,1.150692230797753179e+00
4.401548854457478122e+00,4.076522590496589049e-01,8.804487993854408501e+00,-1.070518809174225844e-01,1.088797090159369541e+00,1.156332614969905803e+00
4.502692127845081771e+00,4.187276115693531198e-01,8.868781362641945165e+00,-1.189296981638287565e-01,1.077863740337216658e+00,1.162004783066973523e+00
4.604786435743718265e+00,4.286534016628556487e-01,8.932620084500797475e+00,-1.295299108121751586e-01,1.069420195081612901e+00,1.165710503348843075e+00
4.707935775148087920e+00,4.372902671829195786e-01,8.996015335292145920e+00,-1.301054500194945007e-01,1.064780237342746849e+00,1.164145868139330631e+00
4.812235416287323986e+00,4.445119048870282419e-01,9.058976313074955655e+00,-1.050943666988984476e-01,1.063468837858361216e+00,1.147510648279686407e+00
4.917548949497042798e+00,4.505387019110788649e-01,9.121512310272152035e+00,-5.613404377378074239e-02,1.065576217550332050e+00,1.125363242227775284e+00
5.023489653674486632e+00,4.559656163818508468e-01,9.183631954129054975e+00,1.806486158614403455e-04,1.073403482671412057e+00,1.101717068101047747e+00
5.129658347652200412e+00,4.614062519135828655e-01,9.245343272516889144e+00,5.632063856002866159e-02,1.085424309132275500e+00,1.079361897551353033e+00
5.235655850262721955e+00,4.674742121205126555e-01,9.306653756591195759e+00,1.135906302460340800e-01,1.099612160963239882e+00,1.061086975564195622e+00
5.341082980338585529e+00,4.747831006168782286e-01,9.367570420489027327e+00,1.736985025815165062e-01,1.120134162833396285e+00,1.049493982961575700e+00
5.445540556712340496e+00,4.839465210169178189e-01,9.428099858263088606e+00,2.383284704676241761e-01,1.139319002682093185e+00,1.040450772601143603e+00
5.548629398216515796e+00,4.955780769348695491e-01,9.488248298243071588e+00,3.091001581166356593e-01,1.164547488097292138e+00,1.039399772809527667e+00
5.649950323683662567e+00,5.102913719849717644e-01,9.548021655026486698e+00,3.874490195205980148e-01,1.186840186580012224e+00,1.045530375749031737e+00
5.749104151946312413e+00,5.287000097814624766e-01,9.607425579184743825e+00,4.743825289802165446e-01,1.213083302316522172e+00,1.056962994598617867e+00
5.845691701837005816e+00,5.514175939385789205e-01,9.666465524127671571e+00,5.700603206764164321e-01,1.236024994544780764e+00,1.073809185562417001e+00
5.939313792188284147e+00,5.790577280705607732e-01,9.725146856433520171e+00,6.731657604678581430e-01,1.258956746518424374e+00,1.096585746138447393e+00
6.029571241832686113e+00,6.122340157916442704e-01,9.783473573927190969e+00,7.801167700522954052e-01,1.280327038029044129e+00,1.124491874505011868e+00
6.116064869602753085e+00,6.515600607160696445e-01,9.841450535517562770e+00,8.843128666866468812e-01,1.296204155440330963e+00,1.155810573980181832e+00
6.198395494331023770e+00,6.976494664580742411e-01,9.899084011993343424e+00,9.665344968718739826e-01,1.310900123873033563e+00,1.190745537692483813e+00
6.276164291017694019e+00,7.511147634188459765e-01,9.956380315986724128e+00,9.863027474674992412e-01,1.317810173790862294e+00,1.230634828913586887e+00
6.349081544025540147e+00,8.122397110161749811e-01,1.001334556245451246e+01,9.330233765917671507e-01,1.321180729537122955e+00,1.273602883137610275e+00
6.417120009983933393e+00,8.805171808542494594e-01,1.006998569469777216e+01,8.490571821630525928e-01,1.319383953436506829e+00,1.320043300518443541e+00
6.480291110415472566e+00,9.553235385412003344e-01,1.012630649123018856e+01,7.664248153112028783e-01,1.312708621712176393e+00,1.368658427507175590e+00
6.538606266842748482e+00,1.036035149685152090e+00,1.018231357213219646e+01,6.915626467228352947e-01,1.303414432031473558e+00,1.418437513385187421e+00
6.592076900788355509e+00,1.122028379894227657e+00,1.023801240504897692e+01,6.260412141189318769e-01,1.289135368892055267e+00,1.469710758074921575e+00
6.640714433774890679e+00,1.212679594776559844e+00,1.029340831081938923e+01,5.702456197883005728e-01,1.273648118593874168e+00,1.521352953260240559e+00
6.684530287324945697e+00,1.307365159940268251e+00,1.034850646868409996e+01,5.238895890166034297e-01,1.254138343508167663e+00,1.489989217342719607e+00
6.723535882961117593e+00,1.405461440993486688e+00,1.040331192092316570e+01,4.863803522104384602e-01,1.233720424736592491e+00,1.438178058949804772e+00
6.757742642205998074e+00,1.506344803544337640e+00,1.045782957648288125e+01,4.570537326032819703e-01,1.211185894647562211e+00,1.389110769266723944e+00
6.787161986582181505e+00,1.609391613200944038e+00,1.051206420085520143e+01,4.353163877851549679e-01,1.187025863474603371e+00,1.343111120634147504e+00
6.811805337612263145e+00,1.713978235571439246e+00,1.056602028107137414e+01,4.207300830382513235e-01,1.163384716180799527e+00,1.300526887134096699e+00
6.831684116818836472e+00,1.819481036263942864e+00,1.061970304883664085e+01,4.130649763572897260e-01,1.136553495508715539e+00,1.261249065496711896e+00
6.846809745724498519e+00,1.925276380886588479e+00,1.062167655030084568e+01,4.123413034421387069e-01,1.112120392484015508e+00,1.226301885988686724e+00
6.857193645851839214e+00,2.030740635047498799e+00,1.053109757960881687e+01,4.175096277249717436e-01,1.084687213948178242e+00,1.196382466184394477e+00
6.862847238723456478e+00,2.135250164354796532e+00,1.044059235908506267e+01,4.194356661005245179e-01,1.058911339569646115e+00,1.172003448166587969e+00
6.863851354901564505e+00,2.238295899988574700e+00,1.035026690034362495e+01,4.037120064935682540e-01,1.033031437565953725e+00,1.152731584905778650e+00
6.860617586406807966e+00,2.339914723279980624e+00,1.026022134052092305e+01,3.700632088922502505e-01,1.006873972005135176e+00,1.139265353360431110e+00
6.853655944131660682e+00,2.440305964347885936e+00,1.017054911922805793e+01,3.277946506216884992e-01,9.836541636293604229e-01,1.131613303710930829e+00
6.843476455391276581e+00,2.539668980418194444e+00,1.008133733387827213e+01,2.806950245424740809e-01,9.586435683593018675e-01,1.129785615210137983e+00
6.830589147500811364e+00,2.638203128716810397e+00,9.992667010762311008e+00,2.300788123784745509e-01,9.377916322291771634e-01,1.133511107933463657e+00
6.815504047775418073e+00,2.736107766469650038e+00,9.904613302386303886e+00,1.770943955103388701e-01,9.177375010172765801e-01,1.139557850119429450e+00
6.798731183530252409e+00,2.833582250902612731e+00,9.817245613092261181e+00,1.226929228789836873e-01,8.998830501175245633e-01,1.149058856805448725e+00
6.780780582080467411e+00,2.930825939241614719e+00,9.730627652000331196e+00,6.763840199794000918e-02,8.863199241412634821e-01,1.160519064303910941e+00
6.762162270741219672e+00,3.028038188712559364e+00,9.644817410420015946e+00,1.254676114360450331e-02,8.746625409198288681e-01,1.172288117490311032e+00
6.743386276827663117e+00,3.125418356541352249e+00,9.559870543843768331e+00,-4.205835084360767112e-02,8.655612413499983449e-01,1.181327663720859400e+00
6.724962627654950786e+00,3.223165799953907396e+00,9.476233139869432165e+00,-9.568326062197063386e-02,8.605564832132742703e-01,1.185042911074860150e+00
6.707401350538240159e+00,3.321479876176126833e+00,9.392273368243834852e+00,-1.478037918400268713e-01,8.593500888238824187e-01,1.180530625608459561e+00
6.691212472792682497e+00,3.420559942433924583e+00,9.301609903264910884e+00,-1.978139500972884712e-01,8.616722983680447090e-01,1.167798078582743981e+00
6.676906021733434393e+00,3.520605355953205340e+00,9.202633028573604435e+00,-2.419731092581674792e-01,8.666379075648528163e-01,1.146714219169427285e+00
6.664992024675649773e+00,3.621815473959873799e+00,9.098033748467589277e+00,-2.557846149679982584e-01,8.739388687789708676e-01,1.118319468371977710e+00
6.655861796607878134e+00,3.724338596061561812e+00,8.989826910892173117e+00,-2.156066153298377697e-01,8.842596230814598890e-01,1.085354539780148730e+00
6.649054228501880992e+00,3.827956398269927174e+00,8.879692238597097997e+00,-1.408402946735980987e-01,8.964537548484994289e-01,1.049613565419773353e+00
6.643735695678541830e+00,3.932290339351721453e+00,8.769124635670365819e+00,-6.113642304213101619e-02,9.091807536869978001e-01,1.013295549244383809e+00
6.639071011399725109e+00,4.036961206239379152e+00,8.659507852686392226e+00,1.668196431806778443e-02,9.221355419371052298e-01,9.786005909866243302e-01
6.634224988927290845e+00,4.141589785865336992e+00,8.552176415652965602e+00,9.484081945936601032e-02,9.354790682179313643e-01,9.465478279100217884e-01
6.628362441523102611e+00,4.245796865162040135e+00,8.448477923420441016e+00,1.755710665678037741e-01,9.477974044654743357e-01,9.168125551339854074e-01
6.620648182449020425e+00,4.349203231061922637e+00,8.349848451385888382e+00,2.609604404772438158e-01,9.563945883245772439e-01,8.933098189029732294e-01
6.610247024966907858e+00,4.451429670497428326e+00,8.257921860792178492e+00,3.527635942710884986e-01,9.643792341703215643e-01,8.762890476742433155e-01
6.596323782338626707e+00,4.552096970400995701e+00,8.174719205826141533e+00,4.520628948469481712e-01,9.713169796816372159e-01,8.657562002541252522e-01
6.578043267826041429e+00,4.650825917705058821e+00,8.103050809350399675e+00,5.587145022225338264e-01,9.743883811754637803e-01,8.601429934955393541e-01
6.554570294691010268e+00,4.747237299342065064e+00,8.048179351796154180e+00,6.705628811175717852e-01,9.739609690481528803e-01,8.620014257428854076e-01
6.525069676195398571e+00,4.840951902244445826e+00,8.026412164892388290e+00,7.825504298393103353e-01,9.725509870544004620e-01,8.714403905316082666e-01
6.488706225601066357e+00,4.931590513344648485e+00,8.026510836270066562e+00,8.861233905186870485e-01,9.668494165057257561e-01,8.885877096498171479e-01
6.444644756169876310e+00,5.018773919575108877e+00,8.073246560875723787e+00,9.687097279895586777e-01,9.599042252470058045e-01,9.134078450109802683e-01
6.392050081163691999e+00,5.102122907868261947e+00,8.139574420295851098e+00,9.988255167085930974e-01,9.492823029533652424e-01,9.452946313572511139e-01
6.330129572078551980e+00,5.181256656347179579e+00,8.209011239528241077e+00,9.507188536860171624e-01,9.387768667189090310e-01,9.729971226846999555e-01
6.259016636285855917e+00,5.255759336626157463e+00,8.277907905608373085e+00,8.592053528954606278e-01,9.258042891697344512e-01,9.581168419687525750e-01
6.179742298348664065e+00,5.325181188109187502e+00,8.346279450060530181e+00,7.748042255299222303e-01,9.127377085584390537e-01,9.418254474155496325e-01
6.093374455596414663e+00,5.389071056316003805e+00,8.414137678022296285e+00,7.127460823598845696e-01,9.030020112959711298e-01,9.296352971505598140e-01
6.000981005358546838e+00,5.446977786766342255e+00,8.481491713133744170e+00,6.713299372453529479e-01,8.977424476881021853e-01,9.222163087988362040e-01
5.903629844964491724e+00,5.498450224979941403e+00,8.548348511557744445e+00,6.486779061180427686e-01,8.977689367445641500e-01,9.169048105592261244e-01
5.802388871743694665e+00,5.543037216476538909e+00,8.614713347033307045e+00,6.436432430738048271e-01,9.023932528120541807e-01,9.104511343730933293e-01
5.698325983025581465e+00,5.580287606775874210e+00,8.680590269094722089e+00,6.559300315462825992e-01,9.098126233956503883e-01,8.951190592881063113e-01
5.592509076139594804e+00,5.609750241397682302e+00,8.745982536395565887e+00,6.861058139833458025e-01,9.224753874520404962e-01,8.761118458040324519e-01
5.486006048415176473e+00,5.630973965861699959e+00,8.810893027621656159e+00,7.355301608684077230e-01,9.395582341648321956e-01,8.589573224229977155e-01
5.379884797181751388e+00,5.643507625687668394e+00,8.875324801248812179e+00,8.061379451155697984e-01,9.599221281367064096e-01,8.483097203496596794e-01
5.275213219768768447e+00,5.646900066395320827e+00,8.939282104936806306e+00,8.999160853280344652e-01,9.822198181285468621e-01,8.455143051530296106e-01
5.173059213505653453e+00,5.640700133504395808e+00,9.002761851019233319e+00,1.017790757989687656e+00,1.005000249098171983e+00,8.516007278716961615e-01
5.074490675721849975e+00,5.624456672534633661e+00,9.065773183217187281e+00,1.154362886510901465e+00,1.026797964608056946e+00,8.672671349872694835e-01
4.980575503746796251e+00,5.597718529005768495e+00,9.128330550358764839e+00,1.270101740870540619e+00,1.046204560489440549e+00,8.932459376830773623e-01
4.892285113096581206e+00,5.560140561914168167e+00,9.190446961672336101e+00,1.299793901512899419e+00,1.058837598499688948e+00,9.302768979874697086e-01
4.809892569231865700e+00,5.512144971941838278e+00,9.252135719211599607e+00,1.239875043752424855e+00,1.067998274734977660e+00,9.784915843489622178e-01
4.733363600187849407e+00,5.454491659777067625e+00,9.313409836367148031e+00,1.138215242558678453e+00,1.074441289446499859e+00,1.037745424678482298e+00
4.662662601643237537e+00,5.387941990091236200e+00,9.374282050821879153e+00,1.023806971149453959e+00,1.079046408532205348e+00,1.105471916227847906e+00
4.597753969276743291e+00,5.313257327555728438e+00,9.434764840122797480e+00,9.099402736184194485e-01,1.082814313280455520e+00,1.180537086243340639e+00
4.538602098767070991e+00,5.231199036841920780e+00,9.494870435589238156e+00,8.049406662650421262e-01,1.082537143331307128e+00,1.231992469256017131e+00
4.485171385792933840e+00,5.142528482621196773e+00,9.554610833402859882e+00,7.129090337941529354e-01,1.082686417678359714e+00,1.194715620017709590e+00
4.437426226033041488e+00,5.048007029564939963e+00,9.613997797538115009e+00,6.350735325786222019e-01,1.083289197288294314e+00,1.154865063233119216e+00
4.395331015166099142e+00,4.948396042344527679e+00,9.673042813054186340e+00,5.710379434922184805e-01,1.081778105460664552e+00,1.119124899574308163e+00
4.358850148870821783e+00,4.844456885631345244e+00,9.618178938518472165e+00,5.196692022821529644e-01,1.080277228875405449e+00,1.088960692675104092e+00
4.327948022825913732e+00,4.736950924096768212e+00,9.539429701591677357e+00,4.796389659210249512e-01,1.078569354606216946e+00,1.065860240312771934e+00
4.302589032710085526e+00,4.626639522412181016e+00,9.460143144637036983e+00,4.497189198705782709e-01,1.072733231929437370e+00,1.051279420029708422e+00
4.282737574202048592e+00,4.514284045248968980e+00,9.377462512686316032e+00,4.285863091163268357e-01,1.067110180451127821e+00,1.045284424478356788e+00
4.268358042980509026e+00,4.400645857278505879e+00,9.287644551660653391e+00,4.063830624811881620e-01,1.059899639371059354e+00,1.045878700806174955e+00
4.259395906416343358e+00,4.286480323131242720e+00,9.191068296991460329e+00,3.633098037017016280e-01,1.048044163422492181e+00,1.047912394215954279e+00
4.255317399200936102e+00,4.172390896568446195e+00,9.089287036250468077e+00,2.953588685930529367e-01,1.037516354338415159e+00,1.030300486415269168e+00
4.255083797473558249e+00,4.058820965696792626e+00,8.983393718185704202e+00,2.182541201780770768e-01,1.024812433199272066e+00,1.006868562120646127e+00
4.257632299480598626e+00,3.946206286226857429e+00,8.874308438911841179e+00,1.404460311195026012e-01,1.012040402030863984e+00,9.869491115280624172e-01
4.261900103468439838e+00,3.834982613869202250e+00,8.762826354245394356e+00,6.004986234491441893e-02,1.004504204149364366e+00,9.723881366722577635e-01
4.266824407683468934e+00,3.725585704334403836e+00,8.649648033875434905e+00,-2.617117812466588506e-02,9.939712064134366143e-01,9.647894561760838039e-01
4.271342410372072962e+00,3.618451313333024721e+00,8.535401685884353995e+00,-1.224222816058961189e-01,9.923533442186976972e-01,9.576519352320632672e-01
4.274391309780636306e+00,3.514015196575639433e+00,8.420660391355454522e+00,-2.340254429110653345e-01,9.915513850100847737e-01,9.576443734878588021e-01
4.274908304155546013e+00,3.412713109772820719e+00,8.305956206004251996e+00,-3.675132714228538378e-01,9.998196323696533216e-01,9.577280507606407145e-01
4.271830591743188243e+00,3.314980808635131559e+00,8.191792328278847179e+00,-5.303774254922958287e-01,1.011950881485189191e+00,9.616359511701650931e-01
4.264095370789948269e+00,3.221254048873148701e+00,8.078654196670834509e+00,-7.298437796020276203e-01,1.032667997490516854e+00,9.622847623538821615e-01
4.250639839542212250e+00,3.131968586197434679e+00,7.967026489955960855e+00,-9.695293364875272601e-01,1.059265453241492239e+00,9.654825109327219712e-01
4.230401196246366347e+00,3.047560176318563574e+00,7.857748161788158825e+00,-1.242571092798921972e+00,1.094430408027387669e+00,9.616074568251283816e-01
4.202316639148796718e+00,2.968464574947108137e+00,7.749465462502100443e+00,-1.511231248271769578e+00,1.059555590957149018e+00,9.547055364958434431e-01
4.165323366495889523e+00,2.895117537793632234e+00,7.636338840478090972e+00,-1.660320429179480195e+00,9.994752990201909437e-01,9.447333030982253410e-01
4.118611324500707660e+00,2.827828543520030546e+00,7.516212043397988651e+00,-1.591670369774961458e+00,9.464060924581703116e-01,9.244159099626996223e-01
4.062561306175150655e+00,2.766312104105915548e+00,7.390498062946597280e+00,-1.380609579831405087e+00,9.023748390998862501e-01,8.976358052951949329e-01
3.997904502435530194e+00,2.710107666964353346e+00,7.260166692506560437e+00,-1.142115272610839449e+00,8.651306613762874687e-01,8.678423729733959480e-01
3.925372152558538108e+00,2.658754655346764029e+00,7.125989490429880391e+00,-9.215820750226132452e-01,8.327948638441896589e-01,8.352955511969204494e-01
3.845695495820872001e+00,2.611792492504566798e+00,6.988575537214849476e+00,-7.323600625763935223e-01,8.060452009185193889e-01,7.943743109684151538e-01
3.759605771499226368e+00,2.568760601689184409e+00,6.848372239494713298e+00,-5.762360961555081929e-01,7.838083037169442102e-01,7.551485177236075819e-01
3.667834218870297036e+00,2.529198406152035172e+00,6.705663717444292793e+00,-4.495156705015883603e-01,7.652027371546498147e-01,7.203177197214465366e-01
3.571112077210779834e+00,2.492645329144540511e+00,6.560567786101712429e+00,-3.467641450356034882e-01,7.480235300034271395e-01,6.806367151667211957e-01
3.470170585797369700e+00,2.458640793918119627e+00,6.413032252565968427e+00,-2.625906640578798967e-01,7.318446209894224896e-01,6.497329619235944209e-01
3.365740983906759798e+00,2.426724223724193052e+00,6.262831113011183781e+00,-1.922948742095107189e-01,7.167918552992552650e-01,6.217856682852784811e-01
3.258554510815649063e+00,2.396435041814180877e+00,6.109561117647134942e+00,-1.319718955337130795e-01,7.023808801013545766e-01,6.034482324221758232e-01
3.149342405800732436e+00,2.367312671439503635e+00,5.952639784023518565e+00,-7.840023801250377289e-02,6.843962811577704031e-01,5.873737418769645613e-01
3.038835908138703523e+00,2.338896535851581859e+00,5.791733572342629977e+00,-2.886271763928739686e-02,6.658351651550555861e-01,5.813021014262778063e-01
2.927766257106258596e+00,2.310726058301835639e+00,5.624521655437651368e+00,1.904071526447738763e-02,6.466697749393084393e-01,5.827404697463910432e-01
2.816864691980091262e+00,2.282340662041683732e+00,5.443390446873008770e+00,6.653035930166921463e-02,6.266990318105079005e-01,5.875850777184427054e-01
2.706862452036900457e+00,2.253279770322548448e+00,5.249094979540366523e+00,9.868123580131953065e-02,6.047045870725787919e-01,5.967630353057622461e-01
2.598459408072641530e+00,2.223130692297625277e+00,5.047259010862577888e+00,8.708833173544230921e-02,5.809437889779518471e-01,6.101829578987449931e-01
2.491881825771087300e+00,2.192203724250776364e+00,4.841675371121487714e+00,3.128602825078012628e-02,5.569692356031172853e-01,6.249509082253986714e-01
2.386989208038656773e+00,2.161369048246680080e+00,4.635204727910764433e+00,-4.323578268203057823e-02,5.339299819280164394e-01,6.388266941548529365e-01
2.283631496548922168e+00,2.131511442155940461e+00,4.430247122437606322e+00,-1.245069185716922849e-01,5.130071162678172536e-01,6.508158475065463078e-01
2.181658632975458811e+00,2.103515683849158879e+00,4.229033881018548158e+00,-2.133388458657070330e-01,4.953946143560430948e-01,6.590331991869130546e-01
2.080920558991838476e+00,2.078266551196937151e+00,4.033837350535219635e+00,-3.106217128050103859e-01,4.822959033640384363e-01,6.621483117806769014e-01
1.981267216271635156e+00,2.056648822069877536e+00,3.847131965438324919e+00,-4.164910682695916466e-01,4.748896388697076421e-01,6.623683120373132782e-01
1.882548546488420849e+00,2.039547274338581850e+00,3.671722497613809644e+00,-5.296200117812894792e-01,4.727091539196109360e-01,6.632222189683928404e-01
1.784614491315767326e+00,2.027846685873652799e+00,3.510845845710826474e+00,-6.463372341950328615e-01,4.772259668329751348e-01,6.561735459908295542e-01
1.687314992427250360e+00,2.022431834545692197e+00,3.368255302295260822e+00,-7.598177309439215765e-01,4.892601524374859956e-01,6.543938006523618567e-01
1.590499991496442167e+00,2.024187498225302306e+00,3.248353829305546725e+00,-8.598975743473521449e-01,5.092282547764134248e-01,6.457927784218532308e-01
1.494019430196914966e+00,2.033998454783085386e+00,3.161314103773517292e+00,-9.342673918820890711e-01,5.375761536298725440e-01,6.436153649697393675e-01
1.397723250202242085e+00,2.052749482089642363e+00,3.151160506689835827e+00,-9.714622713562035550e-01,5.747767668704362176e-01,6.353676483976095080e-01
1.301461393185994631e+00,2.081325358015577720e+00,3.194920642845867409e+00,-9.635224277101021029e-01,6.213230104476406002e-01,6.305150147888947121e-01
1.205083800821749263e+00,2.120610860431491052e+00,3.295480290976763982e+00,-8.931108810416197308e-01,6.777187625890400691e-01,6.320966795416214090e-01
1.108489433714934913e+00,2.171412526525855036e+00,3.417598427257896532e+00,-7.698090669463226732e-01,7.443854166592795973e-01,6.332871005464961733e-01
1.012424915742506037e+00,2.233183911076711770e+00,3.551816961505923409e+00,-6.502319044923942082e-01,8.202850600670481551e-01,6.395885953877363805e-01
9.183532329917194481e-01,2.304235160267449345e+00,3.693413934074088800e+00,-5.705528137101700814e-01,9.032103889582240308e-01,6.583376485423719782e-01
8.277598968859002371e-01,2.382840466873404672e+00,3.838813049074221606e+00,-5.308579146177561103e-01,9.910302244945811134e-01,6.900984865500281451e-01
7.421304188483784925e-01,2.467274023669910221e+00,3.985032651578868101e+00,-5.255131701968006608e-01,1.081756076967412827e+00,7.287243114445716152e-01
6.629503103024791955e-01,2.555810023432302902e+00,4.129417867794407115e+00,-5.550105945434644639e-01,1.129052101108351636e+00,7.701488138012921869e-01
5.917050826715289924e-01,2.646722658935917849e+00,4.269450866672373834e+00,-6.269902624694075888e-01,1.077433237765259788e+00,8.184805224929326828e-01
5.298802473788549738e-01,2.738286122956090196e+00,4.402566285280584246e+00,-7.594442468975458604e-01,1.036254763170291415e+00,8.699750816838589529e-01
4.789613158477830090e-01,2.828774608268158186e+00,4.525918400665971397e+00,-9.880107725038326238e-01,1.006762429236020662e+00,9.208349624978299230e-01
4.404337995016416318e-01,2.916462307647452512e+00,4.636012275451864895e+00,-1.379780264076435392e+00,9.877975764572296535e-01,9.595942624383968500e-01
4.157832097637567670e-01,2.999623413869311417e+00,4.727959377641045791e+00,-2.051453005768999915e+00,9.824785229757135863e-01,9.909369844797389915e-01
4.064950580574551720e-01,3.076532119709069590e+00,4.792566942880591263e+00,-3.120832804831977114e+00,9.494971546201378398e-01,1.012364367453178371e+00
4.140547161756479300e-01,3.145462752346723345e+00,4.779154968270430182e+00,-4.253692563028878659e+00,8.833980463650166204e-01,1.020785199924512332e+00
4.393186991655628759e-01,3.205294960354823974e+00,4.784130476464580006e+00,-4.309885636399500619e+00,8.309609847164858287e-01,1.013194020677685048e+00
4.810685514112474914e-01,3.256905705907085835e+00,4.822504525742137282e+00,-3.238529610543547044e+00,7.851070523148586666e-01,9.854163263453824539e-01
5.376584542630515884e-01,3.301583319884746182e+00,4.881239164685158727e+00,-2.087635545515685198e+00,7.521568805766702948e-01,9.451218936616098132e-01
6.074425890713240905e-01,3.340616133169036939e+00,4.958791915196845146e+00,-1.270391896453389347e+00,7.223014865747794389e-01,8.944188425620812621e-01
6.887751371864139216e-01,3.375292476641194472e+00,5.053924842990915600e+00,-7.508627857545170370e-01,7.021457669215017683e-01,8.359850476941461661e-01
7.800102799586720037e-01,3.406900681182452484e+00,5.161349946024198054e+00,-4.209726624119592975e-01,6.831220014333564405e-01,7.684040461898677954e-01
8.795021987384438189e-01,3.436729077674044674e+00,5.267016510443321309e+00,-2.010574068097109590e-01,6.665514829556411502e-01,6.933611727288531146e-01
9.856050748760802893e-01,3.466065996997205190e+00,5.371335575273782581e+00,-4.282674226257664890e-02,6.539614218206619700e-01,6.210292994489154950e-01
1.096673089721930117e+00,3.496199770033168175e+00,5.474657395359043832e+00,8.223637121541674255e-02,6.434798145173020734e-01,5.529360550763542381e-01
1.211060424626342558e+00,3.528418727663169552e+00,5.577282102927060947e+00,1.915888098238863746e-01,6.282756211452320549e-01,4.866637904527831293e-01
1.327121260939668534e+00,3.564011200768442578e+00,5.679469299482675204e+00,2.965988138362919413e-01,6.128809402228077019e-01,4.450114968557541406e-01
1.443209780012253640e+00,3.604265520230220954e+00,5.781446559722270173e+00,4.050295280434670908e-01,5.971478526863739367e-01,4.127709470711553585e-01
1.557680163194447909e+00,3.650470016929738826e+00,5.605921781691306727e+00,5.218645352374059465e-01,5.808348728282652917e-01,4.180159615068791412e-01
1.668886591836600486e+00,3.703913021748231227e+00,5.416400149678341158e+00,6.466961331999446783e-01,5.647150756631692525e-01,4.420631537945372003e-01
1.775183247289061184e+00,3.765882865566931859e+00,5.217367588585020144e+00,7.466640663829081648e-01,5.511087094319260249e-01,4.953025120104643242e-01
1.874971488114518969e+00,3.837550094824206059e+00,5.004949654823274585e+00,7.733076421568844117e-01,5.369755677564561624e-01,5.684541873497140907e-01
1.967283243318721508e+00,3.918510949537026278e+00,4.780433656987893798e+00,7.423835214492690016e-01,5.336258594717938619e-01,6.542342518002255414e-01
2.051599996565693473e+00,4.007239294271593977e+00,4.547534609530539562e+00,7.070347479624954357e-01,5.395552574579089988e-01,7.529671770673747044e-01
2.127412901195378403e+00,4.102184851909289165e+00,4.308681385530043428e+00,6.893168688540721734e-01,5.620199136307189036e-01,6.862821041486441009e-01
2.194213110547719392e+00,4.201797345331494071e+00,4.065919961772247682e+00,6.919841899546365083e-01,5.912342707649912432e-01,6.249479964146322786e-01
2.251491777962657981e+00,4.304526497419589148e+00,3.821286470194567020e+00,7.184007725626021523e-01,6.309781133892654603e-01,5.773798862280893340e-01
2.298740056780135266e+00,4.408822031054953960e+00,3.577105188491194632e+00,7.738917372698039809e-01,6.788834714086007249e-01,5.418648779329108267e-01
2.335449100340095452e+00,4.513133669118968960e+00,3.336260681734035227e+00,8.667958918730490625e-01,7.312410833319145098e-01,5.166740401646316982e-01
2.361110061982480079e+00,4.615911134493016377e+00,3.102490490283314362e+00,1.009580281031184912e+00,7.824891077684567042e-01,4.999553466498326548e-01
2.375214095047232021e+00,4.715604150058478439e+00,2.880720057405941059e+00,1.219388265610863220e+00,8.289881741770375179e-01,4.898301299077359450e-01
2.377252352874294150e+00,4.810662438696732046e+00,2.677422910892061747e+00,1.515696507204852717e+00,8.717279633563003172e-01,4.924251252176413129e-01
2.366715988803608006e+00,4.899535723289159428e+00,2.500910970581883053e+00,1.908895914647469105e+00,9.084231314605322183e-01,4.963834202098274528e-01
2.343096156175116906e+00,4.980673726717143701e+00,2.363921586499548866e+00,2.345842470252132550e+00,9.370854564230607364e-01,5.275611799713716410e-01
2.305885364786361080e+00,5.052527901704114477e+00,2.311288900661645052e+00,2.594574375338176697e+00,9.548870870408158185e-01,5.800062994740144973e-01
2.255039506779108471e+00,5.114140635969328663e+00,2.337411133367393479e+00,2.420076237284070952e+00,9.579228118943653447e-01,6.475444643416745638e-01
2.191651963418371096e+00,5.166004916588407880e+00,2.456698439546716628e+00,1.974105200168268626e+00,9.519767851735277953e-01,7.056133613107029579e-01
2.116987482763458051e+00,5.208832268604885130e+00,2.616120104943232327e+00,1.512474286730723705e+00,9.391213541330570846e-01,6.574404726789272457e-01
2.032310812873675765e+00,5.243334217062289859e+00,2.801193956877329860e+00,1.132626767788266653e+00,9.147228286282204079e-01,6.142572084464926752e-01
1.938886701808332669e+00,5.270222287004157735e+00,2.989939620993905312e+00,8.472593804713779431e-01,8.868129341435131430e-01,5.773007684863962208e-01
1.837979897626735859e+00,5.290208003474017318e+00,3.174458017792002540e+00,6.400446802332544483e-01,8.521580655746547883e-01,5.472098118624373342e-01
1.730855148388195985e+00,5.304002891515400719e+00,3.355111550588274483e+00,4.902262432182856178e-01,8.164252471096333785e-01,5.232718650239468472e-01
1.618777202152020367e+00,5.312318476171839166e+00,3.531889951906010960e+00,3.806154636895227594e-01,7.742952140036771791e-01,5.048999290392029993e-01
1.503010806977516545e+00,5.315866282486865657e+00,3.704570843255799772e+00,2.986504089895343217e-01,7.347011334206899891e-01,4.916765948267207698e-01
1.384820710923992060e+00,5.315357835504009643e+00,3.872814675816479202e+00,2.354826380024182819e-01,6.930272996371956706e-01,4.831986901732570061e-01
1.265471662050756896e+00,5.311504660266805899e+00,4.036220242051867579e+00,1.848267226589698775e-01,6.519476328520515951e-01,4.789379683358080397e-01
1.146228408417116817e+00,5.305018281818783876e+00,4.194356492156435579e+00,1.421745644323455793e-01,6.173114240538989383e-01,4.781147641647767732e-01
1.028355698082382697e+00,5.296610225203475686e+00,4.346780085052506237e+00,1.093789280477526771e-01,5.851283119507617592e-01,4.796464118587219772e-01
9.130976769512096913e-01,5.286980819160734590e+00,4.493035991682763353e+00,9.537561286302879970e-02,5.569775424365451810e-01,4.788989155052684743e-01
8.010471050975815910e-01,5.276476394817215976e+00,4.632661692585593904e+00,1.010051196984762534e-01,5.374519874722432089e-01,4.776348510120029811e-01
6.920281460985554522e-01,5.265025587192900147e+00,4.765496366923274607e+00,1.148305692877249068e-01,5.256248656447861656e-01,4.762299686717975100e-01
5.858207178676724247e-01,5.252532985867195414e+00,4.891991838245406399e+00,1.296090724867433597e-01,5.134831898617937540e-01,4.744316720712830060e-01
4.822047383184782654e-01,5.238903180419514527e+00,5.012904155804686290e+00,1.446978007672832245e-01,5.088235222546798608e-01,4.724453326485009153e-01
3.809601253645149566e-01,5.224040760429264907e+00,5.128913280116596418e+00,1.597946321991421670e-01,5.111410998975891573e-01,4.705706151168030371e-01
2.818667969193252021e-01,5.207850315475856640e+00,5.240592881409628312e+00,1.745476592350225509e-01,5.153208086268092902e-01,4.691434448673093005e-01
1.847046708964540929e-01,5.190236435138702475e+00,5.348443396342680067e+00,1.885663904149173786e-01,5.221617871949959522e-01,4.685272485681980514e-01
8.925366520944309767e-02,5.171103708997210724e+00,5.452905248411194172e+00,2.014386397769092896e-01,5.349251934131934449e-01,4.691050441556712802e-01
-4.706302228162657919e-03,5.150356726630792359e+00,5.554369818194217601e+00,2.127525414315626084e-01,5.504634045026706168e-01,4.713274402670546981e-01
-9.739531350282068511e-02,5.127900077618856578e+00,5.653188741311168997e+00,2.221222096510082344e-01,5.658600718575197419e-01,4.757912730057843320e-01
-1.890334507009883702e-01,5.103638351540814355e+00,5.749681905418873917e+00,2.292146782520311787e-01,5.863602917333127218e-01,4.831126910938586816e-01
-2.798407959091208652e-01,5.077476137976075776e+00,5.844144394890569139e+00,2.337751151964381491e-01,6.089249476667296657e-01,4.938984587120784919e-01
-3.700374312136763266e-01,5.049318026504050039e+00,5.936852547727245799e+00,2.356442014969770127e-01,6.309716136767556938e-01,5.087410952392207308e-01
-4.598434387011099411e-01,5.019068606704149893e+00,6.028069229191546086e+00,2.332510726981665561e-01,6.575269813777749883e-01,5.282164436721297207e-01
-5.494788090709421535e-01,4.986632608015981738e+00,6.118048990548551558e+00,2.217394882022913072e-01,6.849328547900308539e-01,5.525703591880968268e-01
-6.391141716483028645e-01,4.951990303407591831e+00,6.207052607581525550e+00,2.000305379976029252e-01,7.126974922436969395e-01,5.791587935959219280e-01
-7.287894067257005837e-01,4.915322066500322329e+00,6.295285021534185788e+00,1.743892630094115714e-01,7.442534547785413235e-01,6.083741233471414711e-01
-8.185229918256228254e-01,4.876841026096786713e+00,6.382870701776067079e+00,1.494191272881908172e-01,7.764695039708828794e-01,6.403216764859053223e-01
-9.083334044705534405e-01,4.836760310999601131e+00,6.469832677442817648e+00,1.256299194133567165e-01,8.087288360282594013e-01,6.737454824132418363e-01
-9.982391221829796102e-01,4.795293050011376401e+00,6.556123895486679842e+00,1.029043602317087358e-01,8.433623440626227818e-01,7.073874291197771447e-01
-1.088258622485387406e+00,4.752652371934729558e+00,6.641712386114460465e+00,8.111110025381317035e-02,8.795168412944494030e-01,7.399901728459811201e-01
-1.178410382900260567e+00,4.709051405572272309e+00,6.726567471140425525e+00,6.011067995818755033e-02,9.155939242180851645e-01,7.693489868595798642e-01
-1.268712880950087163e+00,4.664703279726619023e+00,6.808752606532143758e+00,3.975984426050503673e-02,9.510799078557867769e-01,7.974980338002344293e-01
-1.359184594157350601e+00,4.619821123200385848e+00,6.887731417005885426e+00,1.991460917956758975e-02,9.866791501891490901e-01,8.255291323737313780e-01
-1.449844000044538506e+00,4.574618064796181827e+00,6.963046167867585012e+00,4.324344554226304755e-04,1.021548438729031671e+00,8.540927437373474485e-01
-1.540709576134136505e+00,4.529307233316625769e+00,7.034179947114918008e+00,-1.882619038628090269e-02,1.053330145785461580e+00,8.838394600598785678e-01
-1.631799799948628671e+00,4.484101757564329382e+00,7.100531271420225110e+00,-3.799647980404488590e-02,1.080021140204007413e+00,9.134114250084448550e-01
-1.723133149010502851e+00,4.439214766341905261e+00,7.161374879651541292e+00,-5.720817104040881035e-02,1.078956693660823918e+00,9.440544499189875705e-01
-1.814728100842243341e+00,4.394859388451969551e+00,7.215790735526073085e+00,-7.658421552452299164e-02,1.054053147370441756e+00,9.750866870811579767e-01
-1.906603132966336656e+00,4.351248752697135735e+00,7.262173441921179418e+00,-9.590957800840865799e-02,1.025123926923450890e+00,1.005171600665645704e+00
-1.998776722905267533e+00,4.308595987880018185e+00,7.300611090337223885e+00,-1.097164473235510140e-01,9.949266830288031604e-01,1.032567456735934197e+00
-2.091264188201856999e+00,4.267100666361397288e+00,7.338276203718910651e+00,-1.087701554895424694e-01,9.656094248024693627e-01,1.053362784652373874e+00
-2.184030968738034151e+00,4.226748383299629985e+00,7.380403635075389879e+00,-9.398250607061636730e-02,9.381911697704606867e-01,1.064862715214296207e+00
-2.277002736419465379e+00,4.187354127610628751e+00,7.426364366389562655e+00,-7.453711580360782019e-02,9.119900671274391302e-01,1.065987804455720056e+00
-2.370104057684931043e+00,4.148728145712209603e+00,7.475914921652400125e+00,-5.477562022792088758e-02,8.875216806643489997e-01,1.057082611628318958e+00
-2.463259498973212391e+00,4.110680684022185005e+00,7.528910983120717937e+00,-3.483472065326330414e-02,8.664439065043608723e-01,1.038977396996045632e+00
-2.556393626723088897e+00,4.073021988958370088e+00,7.585218460880845726e+00,-1.472413836762636111e-02,8.496095096484590492e-01,1.016244738645621482e+00
-2.649431007373340030e+00,4.035562306938578203e+00,7.644709784997306912e+00,5.552651133265405249e-03,8.351110713049098022e-01,9.917612263553897689e-01
-2.742296207362746596e+00,3.998111884380626702e+00,7.707261694812614472e+00,2.599483298262441136e-02,8.227507524814887674e-01,9.670236172567365784e-01
-2.834913793130088955e+00,3.960480967702324939e+00,7.772753838952067618e+00,4.660049860336675648e-02,8.145953155355339925e-01,9.435282457492861763e-01
-2.927208331114146134e+00,3.922479803321490266e+00,7.748521984560832188e+00,6.736272521805937441e-02,8.101535634442121880e-01,9.227634326891854810e-01
-3.019104387753699381e+00,3.883918637655935147e+00,7.669861752981426584e+00,8.826549698976937641e-02,8.059034309566569521e-01,9.055521263385866160e-01
-3.110526529487528169e+00,3.844607717123475155e+00,7.583039925287307526e+00,1.092794963924686724e-01,8.037301139015951001e-01,8.898746516532383133e-01
-3.201399322754412413e+00,3.804357288141923199e+00,7.488701530668693707e+00,1.303578326194526349e-01,8.040843111536292165e-01,8.767538293094438995e-01
-3.291647333993132918e+00,3.762977597129093521e+00,7.387071516650844494e+00,1.514318301034330294e-01,8.064781328587181664e-01,8.665396779785428105e-01
-3.381195129642469599e+00,3.720278890502800806e+00,7.279752297769534586e+00,1.723863928190568218e-01,8.094372768565449849e-01,8.587554930544494258e-01
-3.469967276141201484e+00,3.676071414680858407e+00,7.171251779922238612e+00,1.902765619625008675e-01,8.115358753865049568e-01,8.529241310020202471e-01
-3.557888666599084093e+00,3.630166162183559031e+00,7.064620606713946316e+00,1.966172083435714646e-01,8.144882186469948326e-01,8.485822763819557135e-01
-3.644928465065256251e+00,3.582475238455782307e+00,6.959939705334289961e+00,1.880423142067733644e-01,8.179257849344315767e-01,8.455985704961026528e-01
-3.731144493803877804e+00,3.533113240498583441e+00,6.857429734076549543e+00,1.724667851298428145e-01,8.216989372499156064e-01,8.441246573231082628e-01
-3.816605145239599040e+00,3.482218907105707473e+00,6.757397737244251523e+00,1.562457667206648415e-01,8.256837612668408433e-01,8.443134508617086142e-01
-3.901378811797076018e+00,3.429930977070900333e+00,6.660189573373336280e+00,1.401029961179136585e-01,8.291578555035151732e-01,8.463180153859409804e-01
-3.985533885900958140e+00,3.376388189187906619e+00,6.566201852411503559e+00,1.240789378205554294e-01,8.316861562715256451e-01,8.502915245472786321e-01
-4.069138759975898800e+00,3.321729282250474480e+00,6.475898930141919863e+00,1.081979634330184903e-01,8.343576931238863015e-01,8.563872474953196923e-01
-4.152261826446552284e+00,3.266092995052346737e+00,6.389838532229492607e+00,9.247052510454897845e-02,8.370714645207516513e-01,8.647243380759205289e-01
-4.234971477737569323e+00,3.209618066387271540e+00,6.308712935619833928e+00,7.689529096128033814e-02,8.398544959665076304e-01,8.746510163646856739e-01
-4.317336106273602425e+00,3.152443235048993042e+00,6.233420461821445713e+00,6.146118066480735220e-02,8.427969408154033504e-01,8.847531248950281091e-01
-4.399424104479306763e+00,3.094707239831257617e+00,6.165203018418659475e+00,4.614926933540536291e-02,8.459896782223637057e-01,8.935837634763886816e-01
-4.481303864779332180e+00,3.036548819527810750e+00,6.105954319924384421e+00,3.093455169018486869e-02,8.495238008549138575e-01,8.971049617131000575e-01
-4.563043779598332073e+00,2.978106712932397926e+00,6.059436330920705771e+00,1.578757598321211056e-02,8.534905455612219471e-01,8.912466107366334711e-01
-4.644712241360959837e+00,2.919519658838765519e+00,6.045757762949443226e+00,6.759700710189554948e-04,8.579812333295233628e-01,8.799040264095293606e-01
-4.726377642491867093e+00,2.860926396040658126e+00,6.046542463253650190e+00,-1.443410942986566442e-02,8.630872184020652593e-01,8.677710404617100526e-01
-4.808108375415707236e+00,2.802465663331822565e+00,6.103357894995575350e+00,-2.957656860215535782e-02,8.688998466099794316e-01,8.567203127291651565e-01
-4.889972832557131888e+00,2.744276199506003877e+00,6.186540382576364294e+00,-4.477412129633917548e-02,8.755104231084186450e-01,8.486034688921298974e-01
-4.972039406340794443e+00,2.686496743356948436e+00,6.277272110237904990e+00,-5.822184968710890363e-02,8.830101897139069900e-01,8.414379180955006143e-01
-5.054376311406744371e+00,2.629265673029958617e+00,6.366826792860404538e+00,-6.413865286423910128e-02,8.914899169883837571e-01,8.364878614928715761e-01
-5.137018903137793302e+00,2.572654709379921911e+00,6.455257283644031396e+00,-5.978922037105482978e-02,9.009673009325650517e-01,8.344866040723395439e-01
-5.219931464966154344e+00,2.516591398863091911e+00,6.542602865109862442e+00,-5.037126874340316224e-02,9.113021368309587311e-01,8.348313762336172505e-01
-5.303069001875611477e+00,2.460984465957267275e+00,6.628891928593962923e+00,-4.036980047456234511e-02,9.223336583601124961e-01,8.369402213195744622e-01
-5.386386518849942462e+00,2.405742635140247110e+00,6.714144391881323060e+00,-3.031860216347879305e-02,9.339023229216052435e-01,8.389827852000366626e-01
-5.469839020872930391e+00,2.350774630889830519e+00,6.798373884831299563e+00,-2.023161121269332827e-02,9.458131887287939410e-01,8.419332900173365219e-01
-5.553381512928356578e+00,2.295989177683816163e+00,6.881589725943761948e+00,-1.012148131446337189e-02,9.579954824789971290e-01,8.455816475659362341e-01
-5.636969000000000563e+00,2.241295000000002702e+00,6.963810125109348270e+00,-5.061679318603752240e-03,9.703988356152095651e-01,8.493566514693435821e-01
