-5.048577971253837227e+00,1.469245794483349021e+00
-5.123956149148177985e+00,1.404886509741069878e+00
-5.199308904132072584e+00,1.340360816412873524e+00
-5.274667116487332663e+00,1.275632696134574084e+00
-5.350061666495768087e+00,1.210666130541985464e+00
-5.425523434439193160e+00,1.145425101270920676e+00
-5.501083300599417747e+00,1.079873589957196511e+00
-5.576772145258254376e+00,1.013975578236625097e+00
-5.652620848697513800e+00,9.476950477450216681e-01
-5.728660291199008547e+00,8.809959801181994621e-01
-5.804921353044552035e+00,8.138423569919717160e-01
-5.881434914515952350e+00,7.461981600021551086e-01
-5.958245998453060466e+00,6.781003349739518349e-01
-6.035469922883823557e+00,6.099484941896786694e-01
-6.113243804739859399e+00,5.422547146874553414e-01
-6.191704767614338856e+00,4.755311078736301211e-01
-6.270989935100429236e+00,4.102897851545552754e-01
-6.351236430791304954e+00,3.470428579365790744e-01
-6.432581378280133322e+00,2.863024376260510651e-01
-6.515161901160084312e+00,2.285806356293210162e-01
-6.599115123024331453e+00,1.743895633527375588e-01
-6.684578167466041165e+00,1.242413322026521966e-01
-6.771688158078384312e+00,7.864805358541360203e-02
-6.860582218454531755e+00,3.812183890737139147e-02
-6.951397472187653470e+00,3.174799574875166851e-03
-7.044256661780564421e+00,-2.572722451638256858e-02
-7.139079063511418966e+00,-4.877305103483844939e-02
-7.235633109541653951e+00,-6.663684229119372360e-02
-7.333683671700161000e+00,-8.000421605335698849e-02
-7.432995621815832621e+00,-8.956079008923703566e-02
-7.533333831717557771e+00,-9.599218216674226811e-02
-7.634463173234230737e+00,-9.998401005378149131e-02
-7.736148518194741364e+00,-1.022218915182633719e-01
-7.838154738427983936e+00,-1.033914443280966045e-01
-7.940246705762850077e+00,-1.041782862511898416e-01
-8.042189292028226077e+00,-1.052680350554517363e-01
-8.143747369053009777e+00,-1.073463085087909691e-01
-8.244696483769109463e+00,-1.110733186621289531e-01
-8.344990560113675571e+00,-1.166847574748071104e-01
-8.444731045477857023e+00,-1.240652252947559431e-01
-8.544023821795235563e+00,-1.330887686860380836e-01
-8.642974770999405365e+00,-1.436294342127164836e-01
-8.741689775023949949e+00,-1.555612684388541223e-01
-8.840274715802459937e+00,-1.687583179285140067e-01
-8.938835475268511743e+00,-1.830946292457587554e-01
-9.037477935355703096e+00,-1.984442489546515975e-01
-9.136307977997612184e+00,-2.146812236192551238e-01
-9.235431485127829632e+00,-2.316795998036324244e-01
-9.334954338679946062e+00,-2.493134240718465067e-01
-9.434976394367922126e+00,-2.674587004788889777e-01
-9.535444443907433509e+00,-2.860411527062016179e-01
-9.636143722160646519e+00,-3.050389827873876136e-01
-9.736851737646189164e+00,-3.244329024965454389e-01
-9.837345998882685905e+00,-3.442036236077737343e-01
-9.937404014388762974e+00,-3.643318578951705300e-01
-1.003680329268304483e+01,-3.847983171328346885e-01
-1.013532134228416304e+01,-4.055837130948640734e-01
-1.023273567171073672e+01,-4.266687575553574363e-01
-1.032882378948139745e+01,-4.480341622884133068e-01
-1.042336320411476613e+01,-4.696606390681296594e-01
-1.051613142412947255e+01,-4.915288996686054679e-01
-1.060690795339787940e+01,-5.136191778653583784e-01
-1.069579839387963105e+01,-5.358335887426327604e-01
-1.078359325929801749e+01,-5.579101727926975007e-01
-1.087116946662784578e+01,-5.795662721069594348e-01
-1.095940393284393188e+01,-6.005192287768260639e-01
-1.104917357492107932e+01,-6.204863848937043347e-01
-1.114135530983410050e+01,-6.391850825490016375e-01
-1.123682605455780781e+01,-6.563326638341252517e-01
-1.133646272606700833e+01,-6.716464708404822348e-01
-1.144114224133651447e+01,-6.848438456594799773e-01
-1.155174151734113330e+01,-6.956421303825255364e-01
-1.166913747105567722e+01,-7.037586671010261918e-01
-1.179420687626946673e+01,-7.089107918459064406e-01
-1.192687308893152220e+01,-7.107754861922348510e-01
-1.206383500374934492e+01,-7.088932528562540414e-01
-1.220111053006023205e+01,-7.027757711014678277e-01
-1.233471757720148609e+01,-6.919347201913800260e-01
-1.246067405451041310e+01,-6.758817793894950077e-01
-1.257499787132431379e+01,-6.541286279593166997e-01
-1.267370693698049067e+01,-6.261869451643489182e-01
-1.275281916081624445e+01,-5.915684102680960343e-01
-1.280835245216888474e+01,-5.497847025340615312e-01
-1.283632472037570693e+01,-5.003475012257500021e-01
-1.283278948646053585e+01,-4.427738243100601268e-01
-1.279761574390544787e+01,-3.771526838872189535e-01
-1.273783105426364948e+01,-3.046462642489738970e-01
-1.266125138764477320e+01,-2.265349434557002994e-01
-1.257569271415844980e+01,-1.440990995677746689e-01
-1.248897100391430470e+01,-5.861911064557282641e-02
-1.240890222702197576e+01,2.862464525052916750e-02
-1.234330235359109018e+01,1.163517900601549193e-01
-1.229998735373128049e+01,2.032819457229292359e-01
-1.228677319755217745e+01,2.881347341784756266e-01
-1.230936165551264772e+01,3.694704437324811686e-01
-1.236397767869201836e+01,4.451351557474214071e-01
-1.244419198231350343e+01,5.127749188953265591e-01
-1.254357515206327633e+01,5.700357720858542088e-01
-1.265569777362752468e+01,6.145637542286617183e-01
-1.277413043269243076e+01,6.440049042334063945e-01
-1.289244371494417329e+01,6.560052610097454329e-01
-1.300420820606893813e+01,6.482108634673361403e-01
-1.310336817338509263e+01,6.185420476720590033e-01
-1.318792648622389230e+01,5.678983247267336276e-01
-1.325837500437083882e+01,4.990062235607449770e-01
-1.331524162385263033e+01,4.146187251354474523e-01
-1.335905424069596670e+01,3.174888104121952326e-01
-1.339034075092754250e+01,2.103694603523426077e-01
-1.340962905057405763e+01,9.601365591724436710e-02
-1.341744703566220842e+01,-2.282562193174579590e-02
-1.341432260221869477e+01,-1.433953922332731057e-01
-1.340078364627021479e+01,-2.629426740259830919e-01
-1.337735806384346304e+01,-3.787144863485215618e-01
-1.334457375096514120e+01,-4.879578482395341976e-01
-1.330302322080126665e+01,-5.882790320657794725e-01
-1.325377542173753120e+01,-6.799331575446261322e-01
-1.319811240209026160e+01,-7.643601207563034405e-01
-1.313731720597616892e+01,-8.430053541542452678e-01
-1.307267287751195717e+01,-9.173142901918853731e-01
-1.300546246081433210e+01,-9.887323613226577379e-01
-1.293696900000000127e+01,-1.058704999999996232e+00
-1.277472266921833821e+01,-1.126149301520855683e+00
-1.267564184935208438e+01,-1.150874999220813155e+00
-1.257517998650681257e+01,-1.169775406859441924e+00
-1.247477206177011411e+01,-1.184295898668619396e+00
-1.237445023122526422e+01,-1.194794056396062398e+00
-1.227421367600094548e+01,-1.201601892022984286e+00
-1.217406157722583160e+01,-1.205051417530599300e+00
-1.207399311602859271e+01,-1.205474644900121017e+00
-1.197400747353791317e+01,-1.203203586112765011e+00
-1.187410383088245425e+01,-1.198570253149743969e+00
-1.177428136919089141e+01,-1.191906657992273022e+00
-1.167453926959190369e+01,-1.183544812621565967e+00
-1.157487671321415945e+01,-1.173816729018836824e+00
-1.147529288118634483e+01,-1.163054419165300724e+00
-1.137578762031782276e+01,-1.151574620090624723e+00
-1.127637017124588148e+01,-1.139478514635035022e+00
-1.117705672667901950e+01,-1.126707760885263809e+00
-1.107786364274187108e+01,-1.113200267122120612e+00
-1.097880727555907754e+01,-1.098893941626417181e+00
-1.087990398125525537e+01,-1.083726692678961712e+00
-1.078117011595504948e+01,-1.067636428560565287e+00
-1.068262203578308700e+01,-1.050561057552038324e+00
-1.058427609686400395e+01,-1.032438487934191018e+00
-1.048614865532244167e+01,-1.013206627987835118e+00
-1.038825606728301842e+01,-9.928033859937780425e-01
-1.029061468887037378e+01,-9.711666702328316525e-01
-1.019323981934555867e+01,-9.482394622027825459e-01
-1.009611553401336081e+01,-9.241146264209608718e-01
-9.999190277159591744e+00,-8.990560654586080558e-01
-9.902410549974534959e+00,-8.733370092450601918e-01
-9.805722853648505932e+00,-8.472306877096591471e-01
-9.709073689371795268e+00,-8.210103307817446794e-01
-9.612409558334709558e+00,-7.949491683906569905e-01
-9.515676961727557170e+00,-7.693204304657375037e-01
-9.418822400740621603e+00,-7.443973469363224238e-01
-9.321792376564211224e+00,-7.204531477317537291e-01
-9.224533390388627296e+00,-6.977610627813712885e-01
-9.126991943404169305e+00,-6.765943220145146375e-01
-9.029114545369138156e+00,-6.572261099598777356e-01
-8.930868672952424703e+00,-6.398185102847899763e-01
-8.832287852347279866e+00,-6.241836190412786145e-01
-8.733418583066820062e+00,-6.100647883905859770e-01
-8.634307364624165260e+00,-5.972053704939550567e-01
-8.535000696532444309e+00,-5.853487175126291797e-01
-8.435545078304759414e+00,-5.742381816078493406e-01
-8.335987009454239427e+00,-5.636171149408591985e-01
-8.236372989494002539e+00,-5.532288696729016353e-01
-8.136749517937168719e+00,-5.428167979652187558e-01
-8.037163094296868593e+00,-5.321242519790545522e-01
-7.937660218086203479e+00,-5.208945838756500191e-01
-7.838287388818299561e+00,-5.088711458162484824e-01
-7.739080888466691732e+00,-4.958545469846030174e-01
-7.640034467789228678e+00,-4.818837328833721623e-01
-7.541130812736415834e+00,-4.670596539546886805e-01
-7.442352609233839011e+00,-4.514832607802043984e-01
-7.343682543207104452e+00,-4.352555039415742510e-01
-7.245103300581813954e+00,-4.184773340204523406e-01
-7.146597567283564878e+00,-4.012497015984926585e-01
-7.048148029237966128e+00,-3.836735572573503616e-01
-6.949737372370603516e+00,-3.658498515786769989e-01
-6.851348282607082396e+00,-3.478795351441276162e-01
-6.752963445873004567e+00,-3.298635585353563715e-01
-6.654565548093968275e+00,-3.119028723340172560e-01
-6.556139830296030091e+00,-2.940847102508820643e-01
-6.457689183089902585e+00,-2.764015554854672430e-01
-6.359223949289451561e+00,-2.588058846269006286e-01
-6.260754498083447750e+00,-2.412500326725313393e-01
-6.162291198660661884e+00,-2.236863346197086877e-01
-6.063844420209871799e+00,-2.060671254657831797e-01
-5.965424531919834017e+00,-1.883447402081014077e-01
-5.867041902979324597e+00,-1.704715138440138777e-01
-5.768706902577116935e+00,-1.523997813708698190e-01
-5.670429899901979098e+00,-1.340818777860184330e-01
-5.572221264142688923e+00,-1.154701380868102811e-01
-5.474090451766626231e+00,-9.652021921424165651e-02
-5.376035249837004315e+00,-7.723025011020852315e-02
-5.278045381350162657e+00,-5.762770972022635690e-02
-5.180110408661283472e+00,-3.774066165987034066e-02
-5.082219894125561410e+00,-1.759716954471696529e-02
-4.984363400098168917e+00,2.774703009661505862e-03
-4.886530488934295313e+00,2.334689238768856978e-02
-4.788710722989127255e+00,4.409133497378911470e-02
-4.690893664617848735e+00,6.497996715238803234e-02
-4.593068876175654403e+00,8.598472530790869650e-02
-4.495225920017712262e+00,1.070775458247790468e-01
-4.397354358499216964e+00,1.282303650874224432e-01
-4.299443681782435966e+00,1.494135435948546475e-01
-4.201480273663776188e+00,1.705296335775516592e-01
-4.103446300068512187e+00,1.913891161606091629e-01
-4.005323625887536210e+00,2.117959012473390190e-01
-3.907094116011756935e+00,2.315538987410488136e-01
-3.808739635332080375e+00,2.504670185450474373e-01
-3.710242048739409881e+00,2.683391705626437806e-01
-3.611583221124656351e+00,2.849742646971457627e-01
-3.512745017378710255e+00,3.001762108518646333e-01
-3.413709302392482048e+00,3.137489189301081449e-01
-3.314457941056876855e+00,3.254962988351851050e-01
-3.214972798262798026e+00,3.352222604704047093e-01
-3.115235877010002596e+00,3.427318764492526260e-01
-3.015252802446318547e+00,3.480290894282106473e-01
-2.915079364546087071e+00,3.515401694982610015e-01
-2.814777764039002150e+00,3.537453575911688186e-01
-2.714410201654755550e+00,3.551248946386993954e-01
-2.614038878123049248e+00,3.561590215726179176e-01
-2.513725994173559908e+00,3.573279793246896818e-01
-2.413533750535989064e+00,3.591120088266798183e-01
-2.313524347940028925e+00,3.619913510103536791e-01
-2.213759987115372141e+00,3.664462468074763946e-01
-2.114302868791719803e+00,3.729569371498127617e-01
-2.015215193698749019e+00,3.820036629691288543e-01
-1.916558984804519028e+00,3.940653837483159005e-01
-1.818361848697994443e+00,4.093729580328742679e-01
-1.720576150996087517e+00,4.276148469344792646e-01
-1.623144312167244863e+00,4.484078189369293255e-01
-1.526008752679892000e+00,4.713686425240274924e-01
-1.429111893002475986e+00,4.961140861795725332e-01
-1.332396153603435662e+00,5.222609183873643257e-01
-1.235803954951211203e+00,5.494259076312030254e-01
-1.139277717514248556e+00,5.772258223948867339e-01
-1.042759861760974127e+00,6.052774311622194370e-01
-9.461928081598339757e-01,6.331975024169993471e-01
-8.495189771792677202e-01,6.606028046430262313e-01
-7.526807892877149797e-01,6.871101063241004114e-01
-6.556282522972429749e-01,7.123851547457111799e-01
-5.583610881479298405e-01,7.364146182613717784e-01
-4.608990343134030110e-01,7.593143720849171441e-01
-3.632618831405297066e-01,7.812006456550606437e-01
-2.654694269761772585e-01,8.021896684105160880e-01
-1.675414581672194647e-01,8.223976697899956223e-01
-6.949776906050984804e-02,8.419408792322156110e-01
2.864184799707772053e-02,8.609355261758884215e-01
1.268576006586760174e-01,8.794978400597275314e-01
2.251296965774179093e-01,8.977440503224466406e-01
3.234383434064291851e-01,9.157903864027580054e-01
4.217637487988568634e-01,9.337530777393777681e-01
5.200872723289353683e-01,9.517418765725562668e-01
6.184089297241759375e-01,9.697616324662104992e-01
7.167438610276497535e-01,9.877321516659934852e-01
8.151076420684720825e-01,1.005570790012993321e+00
9.135158486757795071e-01,1.023194903348302320e+00
1.011984056678687960e+00,1.040521847513009357e+00
1.110527841906319368e+00,1.057468978348204303e+00
1.209162780187797104e+00,1.073953651694976807e+00
1.307904447352236099e+00,1.089893223394415855e+00
1.406768419228773270e+00,1.105205049287613317e+00
1.505770271646524217e+00,1.119806485215657954e+00
1.604925580434611199e+00,1.133614887019639417e+00
1.704249156418455424e+00,1.146551097990075263e+00
1.803728511644410837e+00,1.158660409326989216e+00
1.903317046816624503e+00,1.170143616812540976e+00
2.002966013888082930e+00,1.181211311816701581e+00
2.102626664811779733e+00,1.192074085709442066e+00
2.202250251540708526e+00,1.202942529860733911e+00
2.301788026027854706e+00,1.214027235640547486e+00
2.401191240226226320e+00,1.225538794418855826e+00
2.500411146088809211e+00,1.237687797565629300e+00
2.599398995568597215e+00,1.250684836450839388e+00
2.698106040618583279e+00,1.264740502444457793e+00
2.796483533191760795e+00,1.280065386916455106e+00
2.894483715685937320e+00,1.296866557952948584e+00
2.992123706440310560e+00,1.315120302124980656e+00
3.089524446653346690e+00,1.334433579620601495e+00
3.186816201354980560e+00,1.354380183202381183e+00
3.284129235575148797e+00,1.374533905632891129e+00
3.381593814343779147e+00,1.394468539674700969e+00
3.479340202690820227e+00,1.413757878090383446e+00
3.577498665646201115e+00,1.431975713642508419e+00
3.676199468239856216e+00,1.448695839093646187e+00
3.775572875501720826e+00,1.463492047206367941e+00
3.875749152461724023e+00,1.475938130743243537e+00
3.976858564149814423e+00,1.485607882466845275e+00
4.079031023327082117e+00,1.492076106137008473e+00
4.182254186912158112e+00,1.495325874006727007e+00
4.286156089979204609e+00,1.496372358424141069e+00
4.390308809178846694e+00,1.496391330141371379e+00
4.494284421161725440e+00,1.496558559910539765e+00
4.597655002578460604e+00,1.498049818483766948e+00
4.699992630079683487e+00,1.502040876613174092e+00
4.800869380316020063e+00,1.509707505050882359e+00
4.899857329938090977e+00,1.522225474549012469e+00
4.996528555596539078e+00,1.540770555859686475e+00
5.090455133941986787e+00,1.566518519735025539e+00
5.181209141625060965e+00,1.600645136927150158e+00
5.268362656974167280e+00,1.644326081002883910e+00
5.351496002636436877e+00,1.698259473272809794e+00
5.430216862608603812e+00,1.761558528561048220e+00
5.504138589699814510e+00,1.833008095667477244e+00
5.572874536719215399e+00,1.911393023391978474e+00
5.636038056475960012e+00,1.995498160534432186e+00
5.693242501779192111e+00,2.084108355894714215e+00
5.744101225438067893e+00,2.176008458272717494e+00
5.788227580261736449e+00,2.269983316468317636e+00
5.825234919059345096e+00,2.364817779281395360e+00
5.854736594640042924e+00,2.459296695511832276e+00
5.876397971323920721e+00,2.552298679330080589e+00
5.890508118918826419e+00,2.643826749391931852e+00
5.897767742957151782e+00,2.734626013470682349e+00
5.898884837144957594e+00,2.825454718321604553e+00
5.894567395188303749e+00,2.917071110699971825e+00
5.885523410793250143e+00,3.010233437361049535e+00
5.872460877665854895e+00,3.105699945060123479e+00
5.856087789512178787e+00,3.204228880552460801e+00
5.837112140038280828e+00,3.306578490593333530e+00
5.816241922950221799e+00,3.413507021938015029e+00
5.794185131954059820e+00,3.525772721341768889e+00
5.771649760755855674e+00,3.644133835559884460e+00
5.749306359967171431e+00,3.769177475684339473e+00
5.727300376140450844e+00,3.899090736658187950e+00
5.705390287714709352e+00,4.030292054993483752e+00
5.683325566734898970e+00,4.159158702997116208e+00
5.660855685245963720e+00,4.282067952976003511e+00
5.637730115292854727e+00,4.395397077237031880e+00
5.613698328920516900e+00,4.495523348087104409e+00
5.588509798173900478e+00,4.578824037833114424e+00
5.561913995097953922e+00,4.641676418781959690e+00
5.533660391737622142e+00,4.680457763240545965e+00
5.503504345862864078e+00,4.691578689647597500e+00
5.471625807130944708e+00,4.673855381945344334e+00
5.438907587648626141e+00,4.630086157773728672e+00
5.406298510853614125e+00,4.563443328212805739e+00
5.374747400183624180e+00,4.477099204342634309e+00
5.345203079076368269e+00,4.374226097243266942e+00
5.318614370969556582e+00,4.257996317994764190e+00
5.295930099300902860e+00,4.131582177677185719e+00
5.278099087508117293e+00,3.998155987370582309e+00
5.266070159028913622e+00,3.860890058155018512e+00
5.260792137301001148e+00,3.722956701110543332e+00
5.263213834395168433e+00,3.587528215357080441e+00
5.273737638671976313e+00,3.457201959850718431e+00
5.290757870840716137e+00,3.332462429989778041e+00
5.312207686457234068e+00,3.213308888991205148e+00
5.336020241077377158e+00,3.099740600071928309e+00
5.360128690256992456e+00,2.991756826448889850e+00
5.382466189551927016e+00,2.889356831339029874e+00
5.400965894518027000e+00,2.792539877959279160e+00
5.413560960711139458e+00,2.701305229526580920e+00
5.418184543687114108e+00,2.615652149257866377e+00
5.412769799001796223e+00,2.535579900370076967e+00
5.395249882211032855e+00,2.461087746080150573e+00
5.363557948870669279e+00,2.392174949605021084e+00
5.316262394471999997e+00,2.328776956378931118e+00
5.254576139611962127e+00,2.270563536271466454e+00
5.180400174128092949e+00,2.217135334006227865e+00
5.095635489419072073e+00,2.168092994149979358e+00
5.002183076883572888e+00,2.123037161269477835e+00
4.901943927920280331e+00,2.081568479931489080e+00
4.796819033927863352e+00,2.043287594702771770e+00
4.688709386305006888e+00,2.007795150150089025e+00
4.579515976450390546e+00,1.974691790840203520e+00
4.471139795762687719e+00,1.943578161339874821e+00
4.365187867519082054e+00,1.914108400218455630e+00
4.261790791997779770e+00,1.886205313869982580e+00
4.160616656468326902e+00,1.859875873161694448e+00
4.061333387254842719e+00,1.835127078248410148e+00
3.963608910681434949e+00,1.811965929284946375e+00
3.867111153072226859e+00,1.790399426426123597e+00
3.771508040751325286e+00,1.770434569826758953e+00
3.676467500042849945e+00,1.752078359641671135e+00
3.581657457270919664e+00,1.735337796025679280e+00
3.486745838759641725e+00,1.720219879133601415e+00
3.391400570833139838e+00,1.706731609120256454e+00
3.295289579815521286e+00,1.694879986140462202e+00
3.198106618500168530e+00,1.684655860719512344e+00
3.099845605292384398e+00,1.675862385893771345e+00
3.000694081977232752e+00,1.668181639464005883e+00
2.900842815965312571e+00,1.661293682205092992e+00
2.800482574667212177e+00,1.654878574891908372e+00
2.699804125493526108e+00,1.648616378299329277e+00
2.598998235854852457e+00,1.642187153202232519e+00
2.498255673161775992e+00,1.635270960375494020e+00
2.397767204824898357e+00,1.627547860593990814e+00
2.297723598254804767e+00,1.618697914632599044e+00
2.198315620862091535e+00,1.608401183266195522e+00
2.099734040057355866e+00,1.596337727269657059e+00
2.002149391045340288e+00,1.582218528051333895e+00
1.905457676967493796e+00,1.566174131024211658e+00
1.809357120133963992e+00,1.548637347633940342e+00
1.713541580170132583e+00,1.530047656764116137e+00
1.617704916701380613e+00,1.510844537298334123e+00
1.521540989353079576e+00,1.491467468120187823e+00
1.424743657750614290e+00,1.472355928113272983e+00
1.327006781519355805e+00,1.453949396161183349e+00
1.228024220284686052e+00,1.436687351147514446e+00
1.127489833671986075e+00,1.421009271955861797e+00
1.025097481306627589e+00,1.407354637469818481e+00
9.205410228139955242e-01,1.396162926572980689e+00
8.135402775167240863e-01,1.387877506100535285e+00
7.045426917585112525e-01,1.383050718682222513e+00
5.948042332096421525e-01,1.382355998181928669e+00
4.856230644821727394e-01,1.386473097947524602e+00
3.782973481881746203e-01,1.396081771326881604e+00
2.741252469397043035e-01,1.411861771667871412e+00
1.744049233488292883e-01,1.434492852318365097e+00
8.043454002761681043e-02,1.464654766626233062e+00
-6.487740411875874205e-03,1.503027267939348599e+00
-8.506375535757880468e-02,1.550290109605580113e+00
-1.540030116942257832e-01,1.607118164843033936e+00
-2.128448143144169302e-01,1.673658303264127900e+00
-2.626897645733877740e-01,1.749063935646733903e+00
-3.048110213303779070e-01,1.832378673777369515e+00
-3.404817434446205104e-01,1.922646129442540985e+00
-3.709750897753541499e-01,2.018909914428766328e+00
-3.975642191818138382e-01,2.120213640522555121e+00
-4.215222905232346440e-01,2.225600919510415387e+00
-4.441224626588546887e-01,2.334115363178866698e+00
-4.666378944479082636e-01,2.444800583314412634e+00
-4.903405668862665934e-01,2.556700263558039588e+00
-5.158382672853895068e-01,2.668898606072208857e+00
-5.419680436645670785e-01,2.780587835332366531e+00
-5.672750606887114744e-01,2.890977981888077863e+00
-5.903044830227313078e-01,2.999279076288892565e+00
-6.096014753315388557e-01,3.104701149084375444e+00
-6.237112022800435085e-01,3.206454230824080209e+00
-6.311788285331556558e-01,3.303748352057561455e+00
-6.305495187557862424e-01,3.395793543334382658e+00
-6.203684376128457689e-01,3.481799835204095750e+00
-5.991807497692439588e-01,3.560977258216264207e+00
-5.656032429051300880e-01,3.632583812575969073e+00
-5.193687826619978187e-01,3.696624993901178158e+00
-4.610926759005513631e-01,3.753697314554528042e+00
-3.914143155266655016e-01,3.804413418574833727e+00
-3.109730944462047453e-01,3.849385950000921763e+00
-2.204084055650414875e-01,3.889227552871608484e+00
-1.203596417890493847e-01,3.924550871225714666e+00
-1.146619602409131369e-02,3.955968549102061971e+00
1.056325388239551244e-01,3.984093230539469399e+00
2.302971698492283781e-01,4.009537559576758170e+00
3.618883041458543781e-01,4.032914180252750391e+00
4.996696822001956972e-01,4.054832093542846572e+00
6.415848077714872977e-01,4.075850647541723326e+00
7.846231264269925010e-01,4.096493309098939939e+00
9.257528839890540873e-01,4.117282747761284334e+00
1.061942326279998738e+00,4.138741633075539994e+00
1.190159699122155690e+00,4.161392634588493955e+00
1.307373248337865723e+00,4.185758421846930588e+00
1.410551219749453189e+00,4.212361664397635153e+00
1.496661859179258647e+00,4.241725031787395572e+00
1.562673412449609778e+00,4.274371193562995330e+00
1.605554125382838482e+00,4.310822819271219686e+00
1.622272243801280212e+00,4.351602578458854786e+00
1.609798728468613938e+00,4.397232182808379797e+00
1.567116892645740389e+00,4.447523361582052637e+00
1.498786250872552905e+00,4.500320492454781274e+00
1.410324227861853741e+00,4.553129990749524403e+00
1.307248248326433160e+00,4.603458271789243383e+00
1.195075736979097192e+00,4.648811750896895134e+00
1.079324118532634325e+00,4.686696843395440126e+00
9.649314671028411672e-01,4.714929463641773566e+00
8.532809751843605239e-01,4.733224604777194422e+00
7.444082687715973812e-01,4.742017153099475024e+00
6.383464110839961458e-01,4.741743363984773474e+00
5.351284653410003367e-01,4.732839492809245208e+00
4.347874947620426478e-01,4.715741794949047438e+00
3.373565625665702616e-01,4.690886525780337379e+00
2.428687319740163164e-01,4.658709940679271355e+00
1.513570662038244974e-01,4.619648295022003914e+00
6.285462847543780984e-02,4.574137844184696711e+00
-2.260551799170985865e-02,4.522614843543501628e+00
-1.049903099781724219e-01,4.465515548474578544e+00
-1.842859509789588623e-01,4.403292749983838128e+00
-2.607654062719187427e-01,4.336645351961856854e+00
-3.349216133767068948e-01,4.266461049157039831e+00
-4.072531235328367138e-01,4.193632354284710928e+00
-4.782584879798114086e-01,4.119051780060207335e+00
-5.484362579571439023e-01,4.043611839198854696e+00
-6.182849847043394576e-01,3.968205044415986205e+00
-6.883032194609040033e-01,3.893723908426933278e+00
-7.589895134663503518e-01,3.821060943947021560e+00
-8.308424179601815451e-01,3.751108663691587797e+00
-9.043604841819107287e-01,3.684759580375957633e+00
-9.800422633710433873e-01,3.622906206715463373e+00
-1.058386306767084895e+00,3.566441055425437323e+00
-1.139891165609548507e+00,3.516256639221206459e+00
-1.225041587660699038e+00,3.473218450663186463e+00
-1.313897180698518907e+00,3.437359775467122791e+00
-1.406022295417041379e+00,3.407744439052510010e+00
-1.500953353085663355e+00,3.383381595297211497e+00
-1.598226774973791287e+00,3.363280398079086631e+00
-1.697378982350819632e+00,3.346450001276001007e+00
-1.797946396486149956e+00,3.331899558765815783e+00
-1.899465438649182492e+00,3.318638224426393002e+00
-2.001472530109316583e+00,3.305675152135595152e+00
-2.103504092135954018e+00,3.292019495771284276e+00
-2.205096545998491031e+00,3.276680409211322864e+00
-2.305786312966328744e+00,3.258667046333574291e+00
-2.405110375277517587e+00,3.236989874313752402e+00
-2.502753167485340935e+00,3.211004564661677829e+00
-2.598743363629750114e+00,3.180872696631486640e+00
-2.693158675258816359e+00,3.146870652424366810e+00
-2.786076813920615347e+00,3.109274814241508089e+00
-2.877575491163221866e+00,3.068361564284096232e+00
-2.967732418534709815e+00,3.024407284753320546e+00
-3.056625307583155760e+00,2.977688357850367673e+00
-3.144331869856630490e+00,2.928481165776427808e+00
-3.230929816903209684e+00,2.877062090732688038e+00
-3.316496860270969016e+00,2.823707514920336337e+00
-3.401110711507981055e+00,2.768693820540561124e+00
-3.484849082162323253e+00,2.712297389794548597e+00
-3.567789683782066845e+00,2.654794604883489395e+00
-3.650007025040438613e+00,2.596444765621833461e+00
-3.731549305804482852e+00,2.537366855007678446e+00
-3.812451816805533689e+00,2.477611005753351137e+00
-3.892749759707422097e+00,2.417226875533693864e+00
-3.972478336173974611e+00,2.356264122023554286e+00
-4.051672747869022650e+00,2.294772402897775176e+00
-4.130368196456393193e+00,2.232801375831199753e+00
-4.208599883599918101e+00,2.170400698498673009e+00
-4.286403010963425686e+00,2.107620028575038607e+00
-4.363812780210742481e+00,2.044509023735142872e+00
-4.440864393005699462e+00,1.981117341653828356e+00
-4.517593051012125827e+00,1.917494640005940054e+00
-4.594033955893851662e+00,1.853690576466321627e+00
-4.670222309314703502e+00,1.789754808709816514e+00
-4.746193312938512321e+00,1.725736994411271485e+00
-4.821982097290010039e+00,1.661685380836542159e+00
-4.897621825606562673e+00,1.597609211666899620e+00
-4.973143490167234226e+00,1.533474689003897939e+00
