3.333136118258775982e-01,7.465759091965185057e-02,1.800000000000000044e+00,3.077671331910296071e-01,1.709075946146212166e+00,1.716019255504910968e+00,4.979590313553874936e-01
4.333136118258775760e-01,1.290231258479683785e-01,1.800000000000000044e+00,3.077671331910296071e-01,1.681318339964910091e+00,1.820269620723706350e+00,3.464007954993574834e-01
4.839294172882305789e-01,1.290231258479683785e-01,1.800000000000000044e+00,5.370725984121099694e-01,1.696211587405600296e+00,1.870785778812282585e+00,4.234108769657533022e-01
5.839294172882305567e-01,1.969011360361836438e-01,1.800000000000000044e+00,5.370725984121099694e-01,1.666462480148932279e+00,1.844872278333460569e+00,4.470998915250946615e-01
6.254943469425013891e-01,1.969011360361836438e-01,1.800000000000000044e+00,7.349042282189277575e-01,1.682423616757615203e+00,1.803487256037671349e+00,5.628080341392636132e-01
7.254943469425013669e-01,2.862099512611622210e-01,1.800000000000000044e+00,7.349042282189277575e-01,1.644733232799959755e+00,1.710120452033354166e+00,5.814067014023834856e-01
7.613912136798878239e-01,2.862099512611622210e-01,1.800000000000000044e+00,6.519547352201874313e-01,1.661707068051146319e+00,1.674382339392426200e+00,6.390984881514768512e-01
8.613912136798878016e-01,3.872008245657247993e-01,1.800000000000000044e+00,6.519547352201874313e-01,1.627018780042543744e+00,1.583940811413700134e+00,6.803501173347865638e-01
8.861883037849298539e-01,3.872008245657247993e-01,1.800000000000000044e+00,6.034435678690269755e-01,1.640860623015874209e+00,1.559273122734701422e+00,7.328096644582089425e-01
9.861883037849298317e-01,4.995169774676962993e-01,1.800000000000000044e+00,6.034435678690269755e-01,1.607621251866209411e+00,1.473688597693211921e+00,7.764196146297359657e-01
1.000539656630369478e+00,4.995169774676962993e-01,1.800000000000000044e+00,5.936589654863507759e-01,1.616428639334148709e+00,1.459438082620622357e+00,7.073788716695694756e-01
1.103149924960197037e+00,5.995169774676962771e-01,1.800000000000000044e+00,5.936589654863507759e-01,1.607270110471739955e+00,1.373978071356049657e+00,8.715674371739089432e-01
1.103149924960197037e+00,6.215310074886393199e-01,1.800000000000000044e+00,5.994355469681275084e-01,1.591278736630496793e+00,1.377062305762626337e+00,9.309587217451325003e-01
1.193963922439280179e+00,7.215310074886392977e-01,1.800000000000000044e+00,5.994355469681275084e-01,1.587416898894635331e+00,1.306298036886115455e+00,9.647039474363775513e-01
1.193963922439280179e+00,7.525533836578647273e-01,1.800000000000000044e+00,6.113976306404604877e-01,1.567055291287336560e+00,1.311798495761723027e+00,1.003020861087982718e+00
1.277534521004755730e+00,8.525533836578647051e-01,1.800000000000000044e+00,6.113976306404604877e-01,1.564786581133965848e+00,1.250906280352227062e+00,1.055995234883446043e+00
1.277534521004755730e+00,9.002884025435325954e-01,1.800000000000000044e+00,4.631302929181825290e-01,1.535505535016119749e+00,1.260638160429435439e+00,1.252656835259805090e+00
1.326187481320511896e+00,1.000288402543532573e+00,1.800000000000000044e+00,4.631302929181825290e-01,1.516809019018436899e+00,1.235180517987275239e+00,1.117982990398698417e+00
1.374840441636268062e+00,1.100288402543532662e+00,2.160000000000000142e+00,4.631302929181825290e-01,1.500319042413533976e+00,1.209387508354082819e+00,1.262273965716725455e+00
1.388376922158375493e+00,1.195423742718153104e+00,2.160000000000000142e+00,2.348232335263537307e-01,1.462692717354499017e+00,1.215574410076699419e+00,1.429458485590272998e+00
1.401913402680483145e+00,1.290559082892773324e+00,2.362943258945544134e+00,2.348232335263537307e-01,1.424523612905537862e+00,1.220941070561671893e+00,1.429458485590272998e+00
1.415449883202590575e+00,1.385694423067393766e+00,2.565886517891088126e+00,2.348232335263537307e-01,1.391734443187457870e+00,1.225788046467948034e+00,1.429458485590272998e+00
1.428986363724698228e+00,1.480829763242013986e+00,2.768829776836632117e+00,2.348232335263537307e-01,1.357143469154816540e+00,1.230416299908667410e+00,1.429458485590272998e+00
1.442522844246805658e+00,1.575965103416634427e+00,2.768829776836632117e+00,1.250132782749922011e-01,1.328179072752949219e+00,1.235126813018791347e+00,1.429458485590272998e+00
1.456059324768913310e+00,1.671100443591254869e+00,2.998054690172587744e+00,1.250132782749922011e-01,1.297103157657484962e+00,1.240121176970276462e+00,1.429458485590272998e+00
1.469595805291020740e+00,1.766235783765875311e+00,3.227279603508543371e+00,1.250132782749922011e-01,1.271425096577502689e+00,1.245362440758604361e+00,1.429458485590272998e+00
1.483132285813128393e+00,1.861371123940495531e+00,3.456504516844498998e+00,1.250132782749922011e-01,1.244062597788643254e+00,1.250778628028300865e+00,1.429458485590272776e+00
1.496668766335235823e+00,1.956506464115115751e+00,3.685729430180454180e+00,1.250132782749922011e-01,1.221554763648550868e+00,1.256297697395323265e+00,1.429458485590272998e+00
1.510205246857343475e+00,2.051641804289736193e+00,3.914954343516409807e+00,1.250132782749922011e-01,1.198428643904690727e+00,1.261847555680194688e+00,1.429458485590272998e+00
1.523741727379450905e+00,2.146777144464356635e+00,3.914954343516409807e+00,8.021169058727148360e-02,1.179422246471997449e+00,1.267368076567157331e+00,1.429458485590272998e+00
1.537278207901558558e+00,2.241912484638977077e+00,4.076959747214729646e+00,8.021169058727148360e-02,1.161398705116546859e+00,1.272837401423569714e+00,1.429458485590272776e+00
1.550814688423665988e+00,2.337047824813597074e+00,4.238965150913049484e+00,8.021169058727148360e-02,1.146143350427144547e+00,1.278241252968278729e+00,1.429458485590272998e+00
1.564351168945773640e+00,2.432183164988217960e+00,4.400970554611369323e+00,8.021169058727148360e-02,1.134168854972289475e+00,1.283565318838599145e+00,1.429458485590272998e+00
1.577887649467881070e+00,2.527318505162837958e+00,4.562975958309689162e+00,8.021169058727148360e-02,1.122707979594511407e+00,1.288795253808530772e+00,1.429458485590273886e+00
1.591424129989988501e+00,2.622453845337458400e+00,4.724981362008009000e+00,8.021169058727148360e-02,1.115872089210083296e+00,1.293938840566940973e+00,1.429458485590272998e+00
1.604960610512096153e+00,2.717589185512078842e+00,4.886986765706328839e+00,8.021169058727148360e-02,1.109954709903148373e+00,1.299098877022892617e+00,1.429458485590271666e+00
1.618497091034203805e+00,2.812724525686698840e+00,5.048992169404648678e+00,8.021169058727148360e-02,1.106476492525833022e+00,1.304403765909919910e+00,1.429458485590272998e+00
1.632033571556311236e+00,2.907859865861319726e+00,5.048992169404648678e+00,5.706161720532394038e-02,1.106382965678877062e+00,1.309982081120157460e+00,1.429458485590274330e+00
1.645570052078418666e+00,3.002995206035939724e+00,5.174027646049767171e+00,5.706161720532394038e-02,1.108145275758848136e+00,1.315962554377861249e+00,1.429458485590272776e+00
1.659106532600526318e+00,3.098130546210560166e+00,5.299063122694884775e+00,5.706161720532394038e-02,1.110723931352707083e+00,1.322371750149572200e+00,1.429458485590272998e+00
1.672643013122633748e+00,3.193265886385180607e+00,5.424098599340003268e+00,5.706161720532394038e-02,1.115365954803037685e+00,1.328551243358955247e+00,1.429458485590272998e+00
1.686179493644741401e+00,3.288401226559801049e+00,5.549134075985121761e+00,5.706161720532394038e-02,1.121291341733934521e+00,1.334001432536389142e+00,1.429458485590272998e+00
1.699715974166848831e+00,3.383536566734421491e+00,5.674169552630238478e+00,5.706161720532394038e-02,1.127718017860929622e+00,1.337664603173412958e+00,1.429458485590272776e+00
1.713252454688956483e+00,3.478671906909041489e+00,5.799205029275356971e+00,5.706161720532394038e-02,1.133857517478778609e+00,1.338854409385445754e+00,1.429458485590272776e+00
1.726788935211063913e+00,3.573807247083661931e+00,5.924240505920475464e+00,5.706161720532394038e-02,1.138772772060301364e+00,1.333905387976992651e+00,1.429458485590272998e+00
1.740325415733171566e+00,3.668942587258282373e+00,6.049275982565593068e+00,5.706161720532394038e-02,1.139901119955470277e+00,1.326851400341146237e+00,1.429458485590272998e+00
1.753861896255278996e+00,3.764077927432902815e+00,6.174311459210711561e+00,5.706161720532394038e-02,1.139345269775162039e+00,1.319191307705227745e+00,1.429458485590272998e+00
1.767398376777386648e+00,3.859213267607523257e+00,6.174311459210711561e+00,3.977774777646428395e-02,1.137372319570019386e+00,1.312321763827476673e+00,1.429458485590272776e+00
1.780934857299494078e+00,3.954348607782143254e+00,6.278984947325032095e+00,3.977774777646428395e-02,1.134252365121629413e+00,1.307638372216638700e+00,1.429458485590274330e+00
1.794471337821601509e+00,4.049483947956764140e+00,6.383658435439351742e+00,3.977774777646428395e-02,1.130256710822024502e+00,1.304057456632192302e+00,1.429458485590272998e+00
1.808007818343709161e+00,4.144619288131384138e+00,6.488331923553672276e+00,3.977774777646428395e-02,1.125656342133422250e+00,1.302663276752602073e+00,1.429458485590271222e+00
1.821544298865816813e+00,4.239754628306004136e+00,6.593005411667992810e+00,3.977774777646428395e-02,1.120720631141663759e+00,1.305240327880589746e+00,1.429458485590272998e+00
1.835080779387924244e+00,4.334889968480625022e+00,6.697678899782312456e+00,3.977774777646428395e-02,1.115716270403265264e+00,1.308169577898420810e+00,1.429458485590274330e+00
1.848617259910031674e+00,4.430025308655245020e+00,6.802352387896632990e+00,3.977774777646428395e-02,1.110906449616170022e+00,1.312975386293495417e+00,1.429458485590272998e+00
1.862153740432139326e+00,4.525160648829865906e+00,6.907025876010951748e+00,3.977774777646428395e-02,1.106550304732831336e+00,1.318652926431031602e+00,1.429458485590271888e+00
1.875690220954246978e+00,4.620295989004485904e+00,7.011699364125272282e+00,3.977774777646428395e-02,1.102902679424196730e+00,1.323556634614118321e+00,1.429458485590272332e+00
1.889226701476354409e+00,4.715431329179105902e+00,7.116372852239591928e+00,3.977774777646428395e-02,1.100160143068823926e+00,1.323109635632699232e+00,1.429458485590274330e+00
1.902763181998461839e+00,4.810566669353726788e+00,7.221046340353912463e+00,3.977774777646428395e-02,1.098219785673919979e+00,1.317358324812710091e+00,1.429458485590272998e+00
1.916299662520569491e+00,4.905702009528346785e+00,7.325719828468232109e+00,3.977774777646428395e-02,1.096826028057741098e+00,1.309835077887563148e+00,1.429458485590272998e+00
1.929836143042676921e+00,5.000837349702967671e+00,7.325719828468232109e+00,2.459115302928599825e-02,1.095076404022909067e+00,1.302920648881931376e+00,1.429458485590274330e+00
1.943372623564784352e+00,5.095972689877587669e+00,7.409061681206444483e+00,2.459115302928599825e-02,1.093749988381458094e+00,1.296244539991644462e+00,1.429458485590272332e+00
1.956909104086892004e+00,5.191108030052207667e+00,7.492403533944655969e+00,2.459115302928599825e-02,1.092642091790174463e+00,1.291045921608855895e+00,1.429458485590271888e+00
1.970445584608999656e+00,5.286243370226828553e+00,7.575745386682868343e+00,2.459115302928599825e-02,1.091548691223756862e+00,1.289171743114559510e+00,1.429458485590272998e+00
1.983982065131107086e+00,5.381378710401448551e+00,7.659087239421078941e+00,2.459115302928599825e-02,1.090266386773559359e+00,1.289040420470648707e+00,1.429458485590274330e+00
1.997518545653214517e+00,5.476514050576069437e+00,7.742429092159291315e+00,2.459115302928599825e-02,1.088592358731971466e+00,1.290053509350878924e+00,1.429458485590272998e+00
2.011055026175322169e+00,5.571649390750689435e+00,7.825770944897503689e+00,2.459115302928599825e-02,1.086324328836360431e+00,1.293128607043042111e+00,1.429458485590271888e+00
2.024591506697429821e+00,5.666784730925310321e+00,7.909112797635714287e+00,2.459115302928599825e-02,1.083260529175508413e+00,1.297138867074234536e+00,1.429458485590271888e+00
2.038127987219537474e+00,5.761920071099930318e+00,7.992454650373926661e+00,2.459115302928599825e-02,1.078627113094241308e+00,1.300956790243630978e+00,1.429458485590273664e+00
2.051664467741644682e+00,5.857055411274550316e+00,8.075796503112139035e+00,2.459115302928599825e-02,1.072303855652020133e+00,1.303454331610326644e+00,1.429458485590274330e+00
2.065200948263752334e+00,5.952190751449171202e+00,8.159138355850350521e+00,2.459115302928599825e-02,1.064655817051315401e+00,1.303178985158441661e+00,1.429458485590271888e+00
2.078737428785859986e+00,6.047326091623791200e+00,8.242480208588562007e+00,2.459115302928599825e-02,1.055838031322809734e+00,1.298855651141281653e+00,1.429458485590274330e+00
2.092273909307967195e+00,6.142461431798412086e+00,8.325822061326773493e+00,2.459115302928599825e-02,1.046006649165749591e+00,1.292956687293991269e+00,1.429458485590274330e+00
2.105810389830074847e+00,6.237596771973032084e+00,8.409163914064984979e+00,2.459115302928599825e-02,1.035317754276692259e+00,1.286007827040072327e+00,1.429458485590271222e+00
2.119346870352182499e+00,6.332732112147652082e+00,8.409163914064984979e+00,1.298962129635754421e-02,1.023927330328096463e+00,1.278534471389124016e+00,1.429458485590271888e+00
2.132883350874290151e+00,6.427867452322272968e+00,8.455018576388763307e+00,1.298962129635754421e-02,1.011991221959638310e+00,1.271028940535207097e+00,1.429458485590274330e+00
2.146419831396397360e+00,6.523002792496892965e+00,8.500873238712541635e+00,1.298962129635754421e-02,9.996650893610462552e-01,1.263870844418186978e+00,1.429458485590274330e+00
2.159956311918505012e+00,6.618138132671513851e+00,8.546727901036319963e+00,1.298962129635754421e-02,9.871043562339876232e-01,1.257415467354987770e+00,1.429458485590271888e+00
2.173492792440612664e+00,6.713273472846133849e+00,8.592582563360100067e+00,1.298962129635754421e-02,9.744641512318326093e-01,1.252017882733205800e+00,1.429458485590273664e+00
2.187029272962719872e+00,6.808408813020753847e+00,8.638437225683878395e+00,1.298962129635754421e-02,9.618992434102724420e-01,1.247502620458019518e+00,1.429458485590274330e+00
2.200565753484827525e+00,6.903544153195374733e+00,8.684291888007656723e+00,1.298962129635754421e-02,9.495639727947232656e-01,1.243211587977700816e+00,1.429458485590271888e+00
2.214102234006935177e+00,6.998679493369994731e+00,8.730146550331435051e+00,1.298962129635754421e-02,9.376043076118127928e-01,1.240688461294102263e+00,1.429458485590271888e+00
2.227638714529042829e+00,7.093814833544615617e+00,8.776001212655213379e+00,1.298962129635754421e-02,9.261152548631420567e-01,1.240211030747466969e+00,1.429458485590271888e+00
2.241175195051150482e+00,7.188950173719235615e+00,8.821855874978991707e+00,1.298962129635754421e-02,9.151716099125167814e-01,1.241771197622822509e+00,1.429458485590273664e+00
2.254711675573257690e+00,7.284085513893855612e+00,8.867710537302770035e+00,1.298962129635754421e-02,9.044371411011522532e-01,1.243468653435909399e+00,1.429458485590274330e+00
2.268248156095365342e+00,7.379220854068476498e+00,8.913565199626550140e+00,1.298962129635754421e-02,8.936241109907389069e-01,1.246686854953620527e+00,1.429458485590271888e+00
2.281784636617472994e+00,7.474356194243096496e+00,8.959419861950328468e+00,1.298962129635754421e-02,8.834998472209746323e-01,1.251798888886241246e+00,1.429458485590274330e+00
2.295321117139580203e+00,7.569491534417717382e+00,9.005274524274106795e+00,1.298962129635754421e-02,8.741397556784259448e-01,1.258734313482487766e+00,1.429458485590274330e+00
2.308857597661687855e+00,7.664626874592337380e+00,9.051129186597885123e+00,1.298962129635754421e-02,8.656191535182269359e-01,1.266844298668114321e+00,1.429458485590271222e+00
2.322394078183795507e+00,7.759762214766957378e+00,9.051129186597885123e+00,4.479418782451420264e-03,8.580132447233335125e-01,1.275199798959889774e+00,1.429458485590271888e+00
2.335930558705903159e+00,7.854897554941578264e+00,9.060376673202089393e+00,4.479418782451420264e-03,8.513970953793039698e-01,1.284992000599115336e+00,1.429458485590271888e+00
2.349467039228010812e+00,7.950032895116198262e+00,9.069624159806293662e+00,4.479418782451420264e-03,8.458456095738433600e-01,1.295629499361695691e+00,1.429458485590274774e+00
2.363003519750118020e+00,8.045168235290820036e+00,9.078871646410497931e+00,4.479418782451420264e-03,8.414335028214605661e-01,1.306504815779639728e+00,1.429458485590273664e+00
2.376540000272225672e+00,8.140303575465438257e+00,9.088119133014702200e+00,4.479418782451420264e-03,8.375733644475639172e-01,1.317010323339542932e+00,1.429458485590273664e+00
2.390076480794332880e+00,8.235438915640060031e+00,9.097366619618906469e+00,4.479418782451420264e-03,8.338932579238660381e-01,1.326538326653950328e+00,1.429458485590274774e+00
2.403612961316440533e+00,8.330574255814680029e+00,9.106614106223110738e+00,4.479418782451420264e-03,8.313008486450668144e-01,1.334483709649893157e+00,1.429458485590271222e+00
2.417149441838548185e+00,8.425709595989300027e+00,9.115861592827315008e+00,4.479418782451420264e-03,8.296847619787880435e-01,1.339569793697706679e+00,1.429458485590272554e+00
2.430685922360655837e+00,8.520844936163921801e+00,9.125109079431519277e+00,4.479418782451420264e-03,8.289333949907304877e-01,1.342983269256933676e+00,1.429458485590271222e+00
2.444222402882763490e+00,8.615980276338540023e+00,9.134356566035723546e+00,4.479418782451420264e-03,8.289349252908541077e-01,1.345419287500205563e+00,1.429458485590271222e+00
2.457758883404871142e+00,8.711115616513161797e+00,9.143604052639927815e+00,4.479418782451420264e-03,8.295773257543329615e-01,1.347203104453672751e+00,1.429458485590274774e+00
2.471295363926978350e+00,8.806250956687781795e+00,9.152851539244133861e+00,4.479418782451420264e-03,8.307483838654839969e-01,1.348656157369134467e+00,1.429458485590275885e+00
2.484831844449085558e+00,8.901386296862401792e+00,9.162099025848338130e+00,4.479418782451420264e-03,8.323357244344162797e-01,1.350058846955827674e+00,1.429458485590274774e+00
2.498368324971193211e+00,8.996521637037023567e+00,9.171346512452540622e+00,4.479418782451420264e-03,8.342268345209939984e-01,1.351665138959594170e+00,1.429458485590271222e+00
2.511904805493300863e+00,9.091656977211641788e+00,9.180593999056746668e+00,4.479418782451420264e-03,8.363090895466213093e-01,1.353728618175094267e+00,1.429458485590271222e+00
2.525441286015408515e+00,9.186792317386263562e+00,9.189841485660950937e+00,4.479418782451420264e-03,8.384712305297065127e-01,1.356502913953917755e+00,1.429458485590271222e+00
2.538977766537516167e+00,9.281927657560881784e+00,9.189841485660950937e+00,-1.507574856264351493e-04,8.406459152800742629e-01,1.359627329764783177e+00,1.429458485590271222e+00
2.552514247059623820e+00,9.377062997735503558e+00,9.160048715421348575e+00,-1.507574856264351493e-04,8.424005435674988274e-01,1.363086068000164186e+00,1.429458485590276107e+00
2.566050727581731028e+00,9.472198337910125332e+00,9.130255945181746213e+00,-1.507574856264351493e-04,8.441141504921888528e-01,1.367724756194883318e+00,1.429458485590273664e+00
2.579587208103838680e+00,9.567333678084743553e+00,9.100463174942142075e+00,-1.507574856264351493e-04,8.458134752706476522e-01,1.373156780227519969e+00,1.429458485590273664e+00
2.593123688625945888e+00,9.662469018259365328e+00,9.070670404702539713e+00,-1.507574856264351493e-04,8.474849932470536196e-01,1.378508672428904402e+00,1.429458485590273664e+00
2.606660169148053541e+00,9.757604358433983549e+00,9.040877634462937351e+00,-1.507574856264351493e-04,8.491151185642137333e-01,1.382892423469608723e+00,1.429458485590271222e+00
2.620196649670161193e+00,9.852739698608605323e+00,9.011084864223334989e+00,-1.507574856264351493e-04,8.506902084622385285e-01,1.383999800149857906e+00,1.429458485590273886e+00
2.633733130192268845e+00,9.947875038783227097e+00,8.981292093983732627e+00,-1.507574856264351493e-04,8.521965675064171464e-01,1.380767481678095043e+00,1.429458485590271222e+00
2.647269610714376498e+00,1.004301037895784532e+01,8.951499323744130265e+00,-1.507574856264351493e-04,8.536204517195767894e-01,1.374976061902703828e+00,1.429458485590271222e+00
2.660806091236484150e+00,1.013814571913246709e+01,8.921706553504527903e+00,-1.507574856264351493e-04,8.549480725980611595e-01,1.368663095550854525e+00,1.429458485590276107e+00
2.674342571758591358e+00,1.023328105930708887e+01,8.891913783264925542e+00,-1.507574856264351493e-04,8.561656009940428191e-01,1.362456146454767092e+00,1.429458485590275885e+00
2.687879052280698566e+00,1.032841639948170709e+01,8.862121013025323180e+00,-1.507574856264351493e-04,8.572591708502194097e-01,1.357922167818522485e+00,1.429458485590273664e+00
2.701415532802806219e+00,1.042355173965632886e+01,8.832328242785719041e+00,-1.507574856264351493e-04,8.582154676258079151e-01,1.356353598470673383e+00,1.429458485590271222e+00
2.714952013324913871e+00,1.051868707983094708e+01,8.802535472546116679e+00,-1.507574856264351493e-04,8.590521619249721352e-01,1.355972825531076342e+00,1.429458485590271222e+00
2.728488493847021523e+00,1.061382242000556886e+01,8.772742702306514317e+00,-1.507574856264351493e-04,8.598329266384175940e-01,1.357349671875761388e+00,1.429458485590273886e+00
2.742024974369129175e+00,1.070895776018019063e+01,8.772742702306514317e+00,3.339204876120292331e-03,8.606254393046968154e-01,1.361061766670543793e+00,1.429458485590271222e+00
2.755561454891236828e+00,1.080409310035480885e+01,8.699625668787259514e+00,3.339204876120292331e-03,8.614976808333562053e-01,1.366173001005089871e+00,1.429458485590273664e+00
2.769097935413344036e+00,1.089922844052943063e+01,8.626508635268004710e+00,3.339204876120292331e-03,8.625179231914062994e-01,1.371735634363176803e+00,1.429458485590273664e+00
2.782634415935451688e+00,1.099436378070404885e+01,8.553391601748751683e+00,3.339204876120292331e-03,8.637547199789665786e-01,1.376846638140577062e+00,1.429458485590273664e+00
2.796170896457558896e+00,1.108949912087867062e+01,8.480274568229495102e+00,3.339204876120292331e-03,8.652768991058590320e-01,1.380689268768695133e+00,1.429458485590276107e+00
2.809707376979666549e+00,1.118463446105329240e+01,8.407157534710242075e+00,3.339204876120292331e-03,8.671535568128103666e-01,1.383380155602615735e+00,1.429458485590271222e+00
2.823243857501774201e+00,1.127976980122791062e+01,8.334040501190987271e+00,3.339204876120292331e-03,8.694540523069046456e-01,1.385342644409528701e+00,1.429458485590271222e+00
2.836780338023881853e+00,1.137490514140253239e+01,8.260923467671732467e+00,3.339204876120292331e-03,8.722480023079592915e-01,1.387000592363481388e+00,1.429458485590271222e+00
2.850316818545989506e+00,1.147004048157715062e+01,8.187806434152477664e+00,3.339204876120292331e-03,8.756052748367024741e-01,1.388777932009709781e+00,1.429458485590271222e+00
2.863853299068097158e+00,1.156517582175177239e+01,8.114689400633222860e+00,3.339204876120292331e-03,8.784927273483660315e-01,1.391098637715070252e+00,1.429458485590276107e+00
2.877389779590204366e+00,1.166031116192639416e+01,8.041572367113968056e+00,3.339204876120292331e-03,8.819877514180807232e-01,1.394300149240548237e+00,1.429458485590275885e+00
2.890926260112311574e+00,1.175544650210101238e+01,7.968455333594714141e+00,3.339204876120292331e-03,8.861164816786757381e-01,1.397354856127425160e+00,1.429458485590273664e+00
2.904462740634419227e+00,1.185058184227563416e+01,7.895338300075458449e+00,3.339204876120292331e-03,8.907913142592384093e-01,1.400850202080050844e+00,1.429458485590271222e+00
2.917999221156526879e+00,1.194571718245025238e+01,7.822221266556204533e+00,3.339204876120292331e-03,8.959113774844741362e-01,1.404315055678631463e+00,1.429458485590271222e+00
2.931535701678634531e+00,1.204085252262487415e+01,7.822221266556204533e+00,1.764580942300131988e-02,9.013739228998882691e-01,1.406774737347218585e+00,1.429458485590273886e+00
2.945072182200742184e+00,1.213598786279949593e+01,7.707403088474583441e+00,1.764580942300131988e-02,9.070744273162064664e-01,1.406787510938758867e+00,1.429458485590271222e+00
2.958608662722849836e+00,1.223112320297411415e+01,7.592584910392963238e+00,1.764580942300131988e-02,9.129067689186201040e-01,1.404425022931796052e+00,1.429458485590273664e+00
2.972145143244957044e+00,1.232625854314873592e+01,7.477766732311342146e+00,1.764580942300131988e-02,9.187634666010892071e-01,1.399585908924044331e+00,1.429458485590273664e+00
2.985681623767064696e+00,1.242139388332335415e+01,7.362948554229721054e+00,1.764580942300131988e-02,9.245359729623017220e-01,1.393059105686697663e+00,1.429458485590273664e+00
2.999218104289171904e+00,1.251652922349797592e+01,7.248130376148099963e+00,1.764580942300131988e-02,9.301150132834958839e-01,1.386386412772452337e+00,1.429458485590276107e+00
3.012754584811279557e+00,1.261166456367259769e+01,7.133312198066480647e+00,1.764580942300131988e-02,9.353909651417657845e-01,1.380153579470030367e+00,1.429458485590271222e+00
3.026291065333387209e+00,1.270679990384721592e+01,5.848745016654049778e+00,1.764580942300131988e-02,9.402542759752423596e-01,1.373707124137574009e+00,1.429458485590271222e+00
3.039827545855494861e+00,1.280193524402183769e+01,5.753063201586032349e+00,1.764580942300131988e-02,9.446134773376878568e-01,1.368366408224676034e+00,1.429458485590271222e+00
3.053364026377602514e+00,1.289707058419645591e+01,5.657381386518014921e+00,1.764580942300131988e-02,9.485508156009808678e-01,1.363918268388570887e+00,1.429458485590271222e+00
3.066900506899710166e+00,1.299220592437107769e+01,5.561699571449997492e+00,1.764580942300131988e-02,9.522482575758907108e-01,1.359665522389960524e+00,1.429458485590276107e+00
3.080436987421817374e+00,1.308734126454569946e+01,5.466017756381980064e+00,1.764580942300131988e-02,9.558901073958219197e-01,1.354903917789614498e+00,1.429458485590273664e+00
3.093973467943925026e+00,1.318247660472031768e+01,5.370335941313962635e+00,1.764580942300131988e-02,9.596616688122007188e-01,1.348928824019106631e+00,1.429458485590273664e+00
3.107509948466032235e+00,1.327761194489493946e+01,5.370335941313962635e+00,4.628264754321815416e-02,9.637499067889221394e-01,1.339181489583124218e+00,1.429458485590273664e+00
3.121046428988139887e+00,1.337274728506955768e+01,5.211162931645738183e+00,4.628264754321815416e-02,9.683449532201998666e-01,1.326711750548740021e+00,1.429458485590269889e+00
3.134582909510247539e+00,1.346788262524417767e+01,5.051989921977513731e+00,4.628264754321815416e-02,9.736424080266073977e-01,1.312692846791372325e+00,1.429458485590271222e+00
3.134582909510247539e+00,1.346788262524417767e+01,4.892816912309289279e+00,4.628264754321815416e-02,9.736424080266073977e-01,1.312692846791372325e+00,1.547411407817029794e+00
3.136921827772853888e+00,1.356788262524417732e+01,4.733643902641063939e+00,4.628264754321815416e-02,9.681154888706422490e-01,1.309137828218358335e+00,1.547411407817029794e+00
3.139260746035460237e+00,1.366788262524417696e+01,4.574470892972839486e+00,4.628264754321815416e-02,9.628812033869649234e-01,1.305576538103209838e+00,1.547411407817029794e+00
3.141599664298066585e+00,1.376788262524417661e+01,4.415297883304615034e+00,4.628264754321815416e-02,9.580617210131850969e-01,1.302788378277371040e+00,1.547411407817029794e+00
3.143938582560672934e+00,1.386788262524417625e+01,4.256124873636390582e+00,4.628264754321815416e-02,9.543121306474535714e-01,1.301461341663833426e+00,1.547411407817029794e+00
3.146277500823279283e+00,1.396788262524417590e+01,4.096951863968166130e+00,4.628264754321815416e-02,9.518354486327192943e-01,1.301240649431371077e+00,1.547411407817029794e+00
3.148616419085885632e+00,1.406788262524417554e+01,3.937778854299941234e+00,4.628264754321815416e-02,9.510717095907612606e-01,1.301108079013131524e+00,1.556286485394916097e+00
3.148616419085885632e+00,1.412906661437670230e+01,3.937778854299941234e+00,1.017695311849891454e-01,9.498028876384034813e-01,1.302615650765451827e+00,1.624384386977580030e+00
3.139970604185793768e+00,1.422906661437670195e+01,3.715728528061766234e+00,1.017695311849891454e-01,9.399663359372260052e-01,1.310553666580351662e+00,1.657040011630313669e+00
3.131324789285701904e+00,1.432906661437670159e+01,3.493678201823590790e+00,1.017695311849891454e-01,9.337703306600930730e-01,1.313685967695548129e+00,1.657040011630313669e+00
3.122678974385610040e+00,1.442906661437670124e+01,3.271627875585415346e+00,1.017695311849891454e-01,9.292377966795005717e-01,1.308026813310979586e+00,1.657040011630313669e+00
3.114033159485518176e+00,1.452906661437670088e+01,3.049577549347240346e+00,1.017695311849891454e-01,9.266649183459458872e-01,1.294972527369815385e+00,1.657040011630313669e+00
3.105387344585426312e+00,1.462906661437670053e+01,2.827527223109065346e+00,1.017695311849891454e-01,9.299856692744001840e-01,1.276470032044679570e+00,1.657040011630313669e+00
3.096741529685334449e+00,1.472906661437670017e+01,2.605476896870889902e+00,1.017695311849891454e-01,9.345778026855182663e-01,1.253379664206030197e+00,1.619487078593837115e+00
3.096741529685334449e+00,1.480649212193747033e+01,2.605476896870889902e+00,2.005915708407554066e-01,9.492859130934758749e-01,1.228438951032690962e+00,1.689756765078006762e+00
3.075534782670525047e+00,1.490649212193746997e+01,2.404107672653167604e+00,2.005915708407554066e-01,9.494981958894566088e-01,1.215457201870018489e+00,1.779767841088747193e+00
3.054328035655715645e+00,1.500649212193746962e+01,2.202738448435444862e+00,2.005915708407554066e-01,9.560617553806735058e-01,1.202962983052044743e+00,1.779767841088749414e+00
3.033121288640905799e+00,1.510649212193746926e+01,2.001369224217722564e+00,2.005915708407554066e-01,9.675077385515647999e-01,1.191180604880716309e+00,1.779767841088749414e+00
3.011914541626096398e+00,1.520649212193746891e+01,1.800000000000000044e+00,2.005915708407554066e-01,9.852401739744901521e-01,1.179300811264817117e+00,1.731114750711976846e+00
3.011914541626096398e+00,1.523763581195020578e+01,1.800000000000000044e+00,3.431816989390605310e-01,9.972194810239796148e-01,1.168979915710345985e+00,1.872374581410439776e+00
2.971120149789467924e+00,1.533763581195020542e+01,1.800000000000000044e+00,3.431816989390605310e-01,1.005404332778483401e+00,1.174722605527526831e+00,1.958132095296762909e+00
2.930325757952839449e+00,1.543763581195020507e+01,1.800000000000000044e+00,3.431816989390605310e-01,1.019860492762463267e+00,1.175887239545019947e+00,1.817201951753042000e+00
2.930325757952839449e+00,1.549982939040582508e+01,1.800000000000000044e+00,5.381777851088057618e-01,1.052830011347018591e+00,1.150459140865260022e+00,1.990874737888424395e+00
2.857879304052482361e+00,1.559982939040582473e+01,1.800000000000000044e+00,5.381777851088057618e-01,1.054764324698419076e+00,1.170800084747952496e+00,1.971488799961467642e+00
2.857879304052482361e+00,1.567085109172850821e+01,1.800000000000000044e+00,7.533487948200409123e-01,1.099856172699648971e+00,1.138438953321850411e+00,2.002413242525106440e+00
2.779110217044333364e+00,1.577085109172850785e+01,1.800000000000000044e+00,7.533487948200409123e-01,1.107622099337004284e+00,1.162394441739543538e+00,2.083400164664822363e+00
2.779110217044333364e+00,1.581081479550230284e+01,1.800000000000000044e+00,8.030585033771491243e-01,1.136241139924417887e+00,1.143384667390732856e+00,2.172672724089782736e+00
2.682969850907050091e+00,1.591081479550230249e+01,1.800000000000000044e+00,8.030585033771491243e-01,1.148970952332728945e+00,1.185492411934046419e+00,2.206922552370730539e+00
2.682969850907050091e+00,1.594099105668520444e+01,1.800000000000000044e+00,8.111376135655428143e-01,1.171907585419374120e+00,1.172601876393879472e+00,2.284243459529708087e+00
2.570297045624928778e+00,1.604099105668520409e+01,1.800000000000000044e+00,8.111376135655428143e-01,1.185569133527476726e+00,1.234398496273890977e+00,2.452325635787377056e+00
2.541318372012845384e+00,1.605772668853844110e+01,1.800000000000000044e+00,8.456137547664451803e-01,1.184440252591736131e+00,1.254861424708171080e+00,2.401854874937851658e+00
2.441318372012845295e+00,1.615869812982379017e+01,1.800000000000000044e+00,8.456137547664451803e-01,1.221059469760059191e+00,1.304704107714102390e+00,2.524997752199681145e+00
2.398860466398178293e+00,1.615869812982379017e+01,1.800000000000000044e+00,8.605714288173599291e-01,1.201121835966024065e+00,1.339583722215988981e+00,2.619568685337209324e+00
2.298860466398178204e+00,1.624064738644551298e+01,1.800000000000000044e+00,8.605714288173599291e-01,1.234963744578934097e+00,1.336958467148062546e+00,2.648235273235273191e+00
2.246455841897162298e+00,1.624064738644551298e+01,1.800000000000000044e+00,8.809749318457716916e-01,1.214295790946308795e+00,1.343009157218085559e+00,2.764069139141974940e+00
2.146455841897162209e+00,1.630108252473240782e+01,1.800000000000000044e+00,8.809749318457716916e-01,1.235551194172248346e+00,1.291780953243211849e+00,2.782794357078496983e+00
2.085309014410586137e+00,1.630108252473240782e+01,1.800000000000000044e+00,9.368704584586440287e-01,1.218056162130857434e+00,1.296785859908077487e+00,2.910421845738635938e+00
1.985309014410586270e+00,1.633901305497163747e+01,1.800000000000000044e+00,9.368704584586440287e-01,1.225859835240520779e+00,1.265849404798438549e+00,2.945911036531215110e+00
1.893951471378931162e+00,1.633901305497163747e+01,1.800000000000000044e+00,8.350106805759395234e-01,1.205666579182570697e+00,1.268834719748457962e+00,3.055567627901808692e+00
1.793951471378931073e+00,1.635551531988853924e+01,1.800000000000000044e+00,8.350106805759395234e-01,1.200799331439522444e+00,1.235838709838821270e+00,3.041156955953890684e+00
1.730197546967437106e+00,1.635551531988853924e+01,1.800000000000000044e+00,4.393683166508886018e-01,1.190606994171482302e+00,1.214584751766498050e+00,-3.130087199843039514e+00
1.630197546967437017e+00,1.635363117354638973e+01,1.800000000000000044e+00,4.393683166508886018e-01,1.173513646758477913e+00,1.179873351596015363e+00,-3.122753419271361075e+00
1.530197546967436928e+00,1.635174702720424023e+01,1.800000000000000044e+00,4.393683166508886018e-01,1.161006316353959011e+00,1.143929733049078301e+00,-3.129914243396060503e+00
1.468869022492198750e+00,1.635174702720424023e+01,1.800000000000000044e+00,1.684230733575082517e-01,1.153544198618613681e+00,1.121832607750710586e+00,-3.089399094267607282e+00
1.368869022492198662e+00,1.634331906283885516e+01,1.887849959495955909e+00,1.684230733575082517e-01,1.137085001814357677e+00,1.092169910211087336e+00,-3.057511711529253162e+00
1.268869022492198573e+00,1.633489109847347009e+01,1.975699918991911552e+00,1.684230733575082517e-01,1.122238683394077174e+00,1.063250742860744280e+00,-3.057511711529253162e+00
1.168869022492198484e+00,1.632646313410808503e+01,2.063549878487867417e+00,1.684230733575082517e-01,1.106757180870972634e+00,1.035999501874664386e+00,-3.087058383966528652e+00
1.114477886747040625e+00,1.632646313410808503e+01,2.063549878487867417e+00,6.655026872166143470e-02,1.102104593113331532e+00,1.018773523666586689e+00,-3.069235722760901730e+00
1.014477886747040536e+00,1.631527232864278787e+01,2.297662408865900563e+00,6.655026872166143470e-02,1.082869877421737348e+00,9.962478597809260039e-01,-3.030148276712340216e+00
9.144778867470406691e-01,1.630408152317748716e+01,2.531774939243933709e+00,6.655026872166143470e-02,1.060692788721187441e+00,9.764939667037882964e-01,-3.030148276712339772e+00
8.144778867470406913e-01,1.629289071771219000e+01,2.765887469621966854e+00,6.655026872166143470e-02,1.034333870306867853e+00,9.600626153837271692e-01,-3.030148276712357536e+00
7.144778867470407135e-01,1.628169991224689284e+01,3.000000000000000000e+00,6.655026872166143470e-02,1.007029314286922217e+00,9.463918759513317847e-01,-3.033256015560649832e+00
7.115857363513818923e-01,1.628169991224689284e+01,3.000000000000000000e+00,3.914072776425577688e-02,1.006529615996739846e+00,9.458351026451794485e-01,-3.030116750095591005e+00
6.115857363513819145e-01,1.627018216738010636e+01,3.000000000000000000e+00,3.914072776425577688e-02,9.789723288412768287e-01,9.336155968283033069e-01,-3.026920497811233624e+00
5.115857363513819367e-01,1.625866442251331634e+01,3.000000000000000000e+00,3.914072776425577688e-02,9.524760514062764472e-01,9.254101097865982117e-01,-3.026920497811233624e+00
4.115857363513819589e-01,1.624714667764652987e+01,3.000000000000000000e+00,3.914072776425577688e-02,9.280290203325131104e-01,9.201695210740395980e-01,-3.026920497811233624e+00
3.115857363513819811e-01,1.623562893277973984e+01,3.000000000000000000e+00,3.914072776425577688e-02,9.054318900047951812e-01,9.166297019574332072e-01,-3.026920497811233624e+00
2.115857363513820033e-01,1.622411118791295337e+01,3.000000000000000000e+00,3.914072776425577688e-02,8.840814157096388293e-01,9.135266908524085627e-01,-3.069640330982648102e+00
1.517873966550572495e-01,1.622411118791295337e+01,3.000000000000000000e+00,4.343550000730524857e-02,8.811111997036750187e-01,9.041841823807345024e-01,-3.040780852069191464e+00
5.178739665505727174e-02,1.620794683271931902e+01,2.770246502787656162e+00,4.343550000730524857e-02,8.603547240127017437e-01,9.048912438677811920e-01,-2.981335276324764028e+00
-4.821260334494276156e-02,1.619178247752568467e+01,2.540493005575312324e+00,4.343550000730524857e-02,8.422042253307946424e-01,9.007761874422617332e-01,-2.981335276324764028e+00
-1.482126033449427671e-01,1.617561812233205032e+01,2.310739508362968486e+00,4.343550000730524857e-02,8.292334494927039445e-01,8.936853732615357426e-01,-2.981335276324764028e+00
-2.482126033449427727e-01,1.615945376713841597e+01,2.080986011150624648e+00,4.343550000730524857e-02,8.183206610845941142e-01,8.847366192063408352e-01,-3.047105777432957741e+00
-3.187783296506708774e-01,1.615945376713841597e+01,2.080986011150624648e+00,6.539983705454732732e-02,8.233896336801297400e-01,8.661958563411814582e-01,-3.019454759267228283e+00
-4.187783296506708552e-01,1.613851701564891528e+01,1.987324007433749706e+00,6.539983705454732732e-02,8.142582721602427132e-01,8.602789131211709961e-01,-2.935206306987480751e+00
-5.187783296506708330e-01,1.611758026415941814e+01,1.893662003716874986e+00,6.539983705454732732e-02,8.047263166642627530e-01,8.546809828168980827e-01,-2.935206306987480751e+00
-6.187783296506708108e-01,1.609664351266991744e+01,1.800000000000000044e+00,6.539983705454732732e-02,8.010292259064886178e-01,8.500160313625579889e-01,-3.035350008305897074e+00
-7.151017322440126334e-01,1.609664351266991744e+01,1.800000000000000044e+00,1.042464068100131258e-01,8.175584594517555370e-01,8.269105872283454284e-01,-2.988153448979604221e+00
-8.151017322440126112e-01,1.606628115143532654e+01,1.800000000000000044e+00,1.042464068100131258e-01,8.067422010057275772e-01,8.325806140805732669e-01,-2.846814768543028951e+00
-9.151017322440125890e-01,1.603591879020073208e+01,1.800000000000000044e+00,1.042464068100131258e-01,8.011535688168184288e-01,8.383041573337218777e-01,-2.919168139473628631e+00
-9.493495233435451652e-01,1.603591879020073208e+01,1.800000000000000044e+00,1.801577195336619974e-01,8.073612838856654150e-01,8.302622734354487832e-01,-2.921813800940817440e+00
-1.049349523343545254e+00,1.600592954841204119e+01,1.800000000000000044e+00,1.801577195336619974e-01,8.049122862246349541e-01,8.354493841978426483e-01,-2.850234561220457152e+00
-1.149349523343545343e+00,1.597594030662334674e+01,1.800000000000000044e+00,1.801577195336619974e-01,8.004413124496374543e-01,8.398920618570521190e-01,-2.982300269770652434e+00
-1.236019854461617662e+00,1.597594030662334674e+01,1.800000000000000044e+00,3.238602737530882902e-01,8.263305335606736524e-01,8.167203414661946548e-01,-2.819463419329396370e+00
-1.336019854461617751e+00,1.591363831044753852e+01,1.800000000000000044e+00,3.238602737530882902e-01,7.998508647711120023e-01,8.476043922096516692e-01,-2.763017227204179083e+00
-1.392651266924517461e+00,1.591363831044753852e+01,1.800000000000000044e+00,5.138580169036540690e-01,8.172273510474679092e-01,8.309741479758909755e-01,-2.727760537287723164e+00
-1.492651266924517550e+00,1.584484660114717336e+01,1.800000000000000044e+00,5.138580169036540690e-01,7.912408508416042263e-01,8.627096792189008490e-01,-2.688822974307456981e+00
-1.534059607758679888e+00,1.584484660114717336e+01,1.800000000000000044e+00,6.359893990254796847e-01,8.068046029692241827e-01,8.488294557793732986e-01,-2.622228279181120225e+00
-1.634059607758679977e+00,1.576400088806334665e+01,1.800000000000000044e+00,6.359893990254796847e-01,7.793744012797432230e-01,8.848162257707160583e-01,-2.587571599531916622e+00
-1.664740154264467531e+00,1.576400088806334665e+01,1.800000000000000044e+00,6.568639154529466451e-01,7.936936545845634239e-01,8.730725954416037604e-01,-2.519826799623557267e+00
-1.764740154264467620e+00,1.567035805410761107e+01,1.800000000000000044e+00,6.568639154529466451e-01,7.707698009959397245e-01,9.116491746111177186e-01,-2.481156654306010623e+00
-1.785289046815033309e+00,1.567035805410761107e+01,1.800000000000000044e+00,6.574587675545847665e-01,7.825372388328848405e-01,9.017069909965899077e-01,-2.413336695612334548e+00
-1.885289046815033398e+00,1.556285476806048251e+01,1.800000000000000044e+00,6.574587675545847665e-01,7.668410533757887837e-01,9.412134281038722072e-01,-2.239235436400146551e+00
-1.885289046815033398e+00,1.554373036618118853e+01,1.800000000000000044e+00,6.616383841342362571e-01,7.537718681685280364e-01,9.569516852480178803e-01,-2.305901053328987427e+00
-1.992995706599797856e+00,1.544373036618118888e+01,1.800000000000000044e+00,6.616383841342362571e-01,7.775571497451710945e-01,9.728453969036942039e-01,-2.266026549979513582e+00
-1.992995706599797856e+00,1.541461158393196662e+01,1.800000000000000044e+00,9.479197977464371982e-01,7.613584691120452996e-01,9.950414025278438990e-01,-2.199072143809649660e+00
-2.086797566943445315e+00,1.531461158393196698e+01,1.800000000000000044e+00,9.479197977464371982e-01,7.973090223991070591e-01,1.003562409382699139e+00,-2.200247369602156944e+00
-2.086797566943445315e+00,1.528581140087422163e+01,1.800000000000000044e+00,1.469044141211712784e+00,7.864312676300017069e-01,1.023799103674003064e+00,-1.836415719944516356e+00
-2.121837357520427680e+00,1.518581140087422199e+01,1.800000000000000044e+00,1.469044141211712784e+00,7.900249535282103386e-01,1.063246854647249107e+00,-1.897101675518026331e+00
-2.121837357520427680e+00,1.518226651603282917e+01,1.800000000000000044e+00,1.422731068764749862e+00,7.892037782292380399e-01,1.065507016868755485e+00,-1.780412575755038418e+00
-2.143865630147089085e+00,1.508226651603282953e+01,1.800000000000000044e+00,1.422731068764749862e+00,7.943177691675402663e-01,1.108781579322653643e+00,-1.771717206601131744e+00
-2.143865630147089085e+00,1.507410926245044180e+01,1.800000000000000044e+00,8.983295191231526200e-01,7.935259680917521319e-01,1.113363235679525998e+00,-1.677663135728493460e+00
-2.155468253677614410e+00,1.497410926245044216e+01,1.800000000000000044e+00,8.983295191231526200e-01,8.022200328789284018e-01,1.158908345300639908e+00,-1.674876551779876266e+00
-2.155468253677614410e+00,1.496303439344955777e+01,1.800000000000000044e+00,8.435265117129867596e-01,8.026693013310063352e-01,1.164293483608958013e+00,-1.585087817970532109e+00
-2.157055787272090353e+00,1.486303439344955812e+01,1.800000000000000044e+00,8.435265117129867596e-01,8.146337523442356288e-01,1.211722952208179160e+00,-1.584932212137535101e+00
-2.157055787272090353e+00,1.485073666235266288e+01,1.800000000000000044e+00,7.662003418424891965e-01,8.163633125454836659e-01,1.217669977948045545e+00,-1.499526687041014883e+00
-2.149038790090603612e+00,1.475073666235266323e+01,1.800000000000000044e+00,7.662003418424891965e-01,8.292986043373743454e-01,1.269208781305553480e+00,-1.499226961764980715e+00
-2.149038790090603612e+00,1.473891082248223938e+01,1.800000000000000044e+00,7.225831083490519280e-01,8.325258480945180173e-01,1.274040329303529617e+00,-1.418085906342475777e+00
-2.131827821293238223e+00,1.463891082248223974e+01,1.800000000000000044e+00,7.225831083490519280e-01,8.499491766124163128e-01,1.330474869467735299e+00,-1.415116713462174713e+00
-2.131827821293238223e+00,1.462925162716077843e+01,1.800000000000000044e+00,7.097672908724655949e-01,8.537760198472897910e-01,1.334382549486563763e+00,-1.338045399546128111e+00
-2.105833440040083548e+00,1.452925162716077878e+01,1.800000000000000044e+00,7.097672908724655949e-01,8.760204434841343257e-01,1.346913033785355651e+00,-1.329870025521882049e+00
-2.105833440040083548e+00,1.452345382971076226e+01,1.800000000000000044e+00,7.273802201071615237e-01,8.789621528304403242e-01,1.341124968025453335e+00,-1.256710191905590746e+00
-2.071466205491221402e+00,1.442345382971076262e+01,1.800000000000000044e+00,7.273802201071615237e-01,9.063150318824786389e-01,1.239626639349736603e+00,-1.240510843292375265e+00
-2.071466205491221402e+00,1.442321218345468381e+01,1.800000000000000044e+00,7.779408292903420286e-01,9.064611958510175871e-01,1.239385141759027809e+00,-1.171236146831694525e+00
-2.029136676806740258e+00,1.432321218345468417e+01,1.800000000000000044e+00,7.779408292903420286e-01,9.391653410385424339e-01,1.137210108559842503e+00,-1.125066698510386987e+00
-1.979255413146728371e+00,1.423022144171503278e+01,1.800000000000000044e+00,8.671851687551838106e-01,9.726084477923798710e-01,1.040907661399556261e+00,-1.027548186278037345e+00
-1.922232973671267331e+00,1.414617635781428540e+01,1.800000000000000044e+00,1.004185336588094835e+00,1.001500100845582608e+00,9.555228238933386464e-01,-9.164575856934654707e-01
-1.858479917540447612e+00,1.407277168507494025e+01,1.800000000000000044e+00,1.200344483545959351e+00,1.026072974854847608e+00,8.784076625499220858e-01,-7.878134042871570708e-01
-1.788406803914351029e+00,1.401170217681947605e+01,1.800000000000000044e+00,1.738032677630718004e+00,1.045175052004367444e+00,8.167730335352518800e-01,-6.376329570940314495e-01
-1.712426685604512056e+00,1.396456506857877500e+01,1.800000000000000044e+00,1.846468678981980194e+00,1.056893876945458111e+00,7.672195361245132128e-01,-4.726218712075342943e-01
-1.630996959661262569e+00,1.393122345126467110e+01,1.800000000000000044e+00,1.681927627126948543e+00,1.057026743835720595e+00,7.333213695341754823e-01,-3.141052511040865469e-01
-1.544613156182027103e+00,1.391004916866795327e+01,1.800000000000000044e+00,1.371062831780208935e+00,1.050586450907403879e+00,7.138977330504255869e-01,-1.778606123358569824e-01
-1.453772047803159051e+00,1.389936547332528605e+01,1.800000000000000044e+00,1.046880535048910765e+00,1.037759483564967944e+00,7.065083708632021731e-01,-6.751930011034376622e-02
-1.358970407160999150e+00,1.389749561777333930e+01,1.800000000000000044e+00,7.589942650131447088e-01,1.019447102575395725e+00,7.077716665625725101e-01,1.759508306160653679e-02
-1.260705006891897018e+00,1.390276285454877581e+01,1.800000000000000044e+00,5.198586439301126072e-01,9.967667052293768259e-01,7.186252818358556116e-01,8.049944063712323461e-02
-1.160705006891896929e+00,1.391349043618826542e+01,1.800000000000000044e+00,5.198586439301126072e-01,9.737226801636915674e-01,7.374574755627274492e-01,1.055758420221349081e-01
-1.159472619632204271e+00,1.391349043618826542e+01,1.800000000000000044e+00,3.239836395638364119e-01,9.735025313323083518e-01,7.375729912057041870e-01,1.423753395899507168e-01
-1.059472619632204182e+00,1.392800161522847091e+01,1.800000000000000044e+00,3.239836395638364119e-01,9.462845742646113223e-01,7.631107012403421930e-01,1.390279862887662254e-01
-1.055770018018259870e+00,1.392800161522847091e+01,1.800000000000000044e+00,1.601246389392057268e-01,9.460049459859239951e-01,7.634683307548454367e-01,1.588960703940672237e-01
-9.557700180182598926e-01,1.394461964420606570e+01,3.000000000000000000e+00,1.601246389392057268e-01,9.197653578653790518e-01,7.946282864185323369e-01,1.559771114988064700e-01
-9.500939746864193181e-01,1.394461964420606570e+01,3.000000000000000000e+00,1.672240766380702487e-02,9.192317880591892587e-01,7.952020981754727158e-01,1.599464024656641337e-01
-8.500939746864193403e-01,1.396166777565770722e+01,3.000000000000000000e+00,1.672240766380702487e-02,8.965297389131930972e-01,8.283968867563636929e-01,1.577788320126819188e-01
-8.429412622730212412e-01,1.396166777565770722e+01,3.000000000000000000e+00,-1.164056760106460531e-01,8.956669792252979212e-01,8.300080126183266849e-01,1.464117466458680072e-01
-7.429412622730212634e-01,1.397746926212007068e+01,3.000000000000000000e+00,-1.164056760106460531e-01,8.737588050383275906e-01,8.639321649719642338e-01,1.451035933593856908e-01
-7.348086534144169235e-01,1.397746926212007068e+01,3.000000000000000000e+00,-2.478125053341354023e-01,8.737546662785646845e-01,8.657739013027119235e-01,1.185370512115008490e-01
-6.348086534144169457e-01,1.399034735612981528e+01,3.000000000000000000e+00,-2.478125053341354023e-01,8.550058276224212772e-01,9.013401488426801000e-01,1.180146899504312535e-01
-6.261929207469573155e-01,1.399034735612981528e+01,3.000000000000000000e+00,-3.843830640863003523e-01,8.547496537484179369e-01,9.032960398129359358e-01,7.606616596748808079e-02
-5.261929207469573377e-01,1.399862531022361445e+01,3.000000000000000000e+00,-3.843830640863003523e-01,8.440492423754331064e-01,9.393562072947715391e-01,7.607568892543921379e-02
-5.175908369069814885e-01,1.399862531022361445e+01,3.000000000000000000e+00,-5.308464425691987731e-01,8.435157781215451012e-01,9.413593305631755559e-01,1.842359034160861650e-02
-4.175908369069815107e-01,1.400062637693812917e+01,3.000000000000000000e+00,-5.308464425691987731e-01,8.417524229404309555e-01,9.712196958084620135e-01,1.851056886384206193e-02
-4.094991745308445008e-01,1.400062637693812917e+01,3.000000000000000000e+00,-6.869090216759787815e-01,8.415755412066650010e-01,9.738924811296001405e-01,-5.501406438195414333e-02
-3.094991745308445230e-01,1.399467380881003109e+01,3.000000000000000000e+00,-6.869090216759787815e-01,8.446076868185695696e-01,1.000865931697486833e+00,-5.553044674677647813e-02
-3.024147062548855902e-01,1.399467380881003109e+01,3.000000000000000000e+00,-8.199382043630689676e-01,8.448511536947971301e-01,1.003182555920986818e+00,-1.438834597469183518e-01
-2.024147062548855847e-01,1.397915891150772261e+01,3.000000000000000000e+00,-8.199382043630689676e-01,8.599230687977016396e-01,1.026388713389254415e+00,-1.459067778020737560e-01
-1.968360403779280121e-01,1.397915891150772261e+01,3.000000000000000000e+00,-8.731447060331825050e-01,8.599544554121320017e-01,1.028744868886911634e+00,-2.367703237276718442e-01
-9.683604037792800656e-02,1.395368316958352395e+01,3.000000000000000000e+00,-8.731447060331825050e-01,8.875327088742216430e-01,1.043371010403158605e+00,-2.412514581025207439e-01
-9.329442851593891528e-02,1.395368316958352395e+01,3.000000000000000000e+00,-8.506095269015518934e-01,8.874744534042813271e-01,1.044860559736475292e+00,-3.241872349459311575e-01
6.705571484061090271e-03,1.391888873960567885e+01,3.000000000000000000e+00,-8.506095269015518934e-01,9.257092404113039796e-01,1.059067531431296283e+00,-3.319331049491528463e-01
7.650806669506265978e-03,1.391888873960567885e+01,3.000000000000000000e+00,-8.065890107122494213e-01,9.256787675163443696e-01,1.059465843493944126e+00,-4.144572767829716176e-01
1.054394278412471020e-01,1.387545168771896975e+01,3.000000000000000000e+00,-7.674877192024885941e-01,9.710630440395171536e-01,1.066702692348797887e+00,-4.590942608432664884e-01
1.995111976621369021e-01,1.382404808006816310e+01,3.000000000000000000e+00,-7.361164198696987793e-01,1.024533152655795698e+00,1.073211952858030394e+00,-5.395305714834643940e-01
2.893058787950187893e-01,1.376535398279804312e+01,3.000000000000000000e+00,-7.138150544103917250e-01,1.085027917605931647e+00,1.074272781243271968e+00,-6.171344710083787044e-01
3.742632339027364696e-01,1.370004546205338514e+01,3.000000000000000000e+00,-7.014787133443045608e-01,1.150883193924872927e+00,1.076368916477208781e+00,-7.299243868864850882e-01
5.274250166940777085e-01,1.355228941471955473e+01,3.000000000000000000e+00,-6.998121587879229111e-01,1.253731965404572435e+00,1.071411386233937835e+00,-8.045580539151661048e-01
5.945089697033940634e-01,1.347119402041993474e+01,3.000000000000000000e+00,-7.095089453749102715e-01,1.174285471332520592e+00,1.065508981409760692e+00,-9.176790443029189115e-01
6.545146473389353847e-01,1.338618846722488342e+01,3.000000000000000000e+00,-7.313533675876666695e-01,1.099392348837416433e+00,1.059680142226573807e+00,-9.953815153339391486e-01
7.068818122635464052e-01,1.329794882127917965e+01,3.000000000000000000e+00,-7.662380238733692561e-01,1.030678249501189025e+00,1.055595410659807110e+00,-1.076288466007206068e+00
7.510502271400775198e-01,1.320715114872758988e+01,3.000000000000000000e+00,-8.150723690122383402e-01,9.689379585645377935e-01,1.044128470340369486e+00,-1.161562705881242552e+00
7.864596546313721293e-01,1.311447151571490188e+01,3.000000000000000000e+00,-8.766882368790926972e-01,9.142393915281789019e-01,1.033601221383269042e+00,-1.251962945961136775e+00
8.126479583880177326e-01,1.302054517250691568e+01,3.000000000000000000e+00,-9.280255852093446389e-01,8.694950309331883620e-01,1.023412789392089239e+00,-1.343839001465920058e+00
8.300710486113972442e-01,1.292562540708987839e+01,3.000000000000000000e+00,-9.214556209613380400e-01,8.352959613058451582e-01,1.005015431505548174e+00,-1.430015235330569734e+00
8.396862012751168391e-01,1.282975690929879420e+01,3.000000000000000000e+00,-8.470100477368719405e-01,8.101558176929647415e-01,9.876917810802859909e-01,-1.506596255964926856e+00
8.424557724371452005e-01,1.273298225534968253e+01,3.000000000000000000e+00,-7.395311988741617437e-01,7.918999411485282414e-01,9.705729995308266522e-01,-1.572566182508795984e+00
8.393421181554496791e-01,1.263534402145858238e+01,3.000000000000000000e+00,-6.224586377475351817e-01,7.821548470695123267e-01,9.494832990255429594e-01,-1.614772093921664764e+00
8.355889346005157536e-01,1.257693243076057854e+01,3.000000000000000000e+00,-5.045647314902167446e-01,7.810055348352077376e-01,9.396125110385309398e-01,-1.634962208106445658e+00
8.318357510455818282e-01,1.251852084006257471e+01,3.000000000000000000e+00,-3.910227217915873132e-01,7.769330847629779546e-01,9.315050150654725636e-01,-1.634962208106445658e+00
8.280825674906480138e-01,1.246010924936457265e+01,3.000000000000000000e+00,-2.840938658169923081e-01,7.769662066061068240e-01,9.225601867933140854e-01,-1.634962208106445658e+00
8.243293839357140884e-01,1.240169765866656881e+01,3.000000000000000000e+00,-1.840220649875188019e-01,7.739536953484565940e-01,9.172704094482926340e-01,-1.634962208106445658e+00
8.205762003807801630e-01,1.234328606796856498e+01,3.000000000000000000e+00,-1.840220649875188019e-01,7.747524140523078806e-01,9.142754216144997059e-01,-1.634962208106445658e+00
8.168230168258462376e-01,1.228487447727056114e+01,3.000000000000000000e+00,-8.985293024127047334e-02,7.728423396188783823e-01,9.098098102048783886e-01,-1.634962208106445658e+00
8.130698332709123122e-01,1.222646288657255731e+01,3.000000000000000000e+00,-8.985293024127047334e-02,7.738424016874433375e-01,9.090985840661278683e-01,-1.634962208106445658e+00
8.093166497159784978e-01,1.216805129587455525e+01,3.000000000000000000e+00,-4.453838475480831495e-05,7.732187803402226223e-01,9.077552042217172934e-01,-1.634962208106445658e+00
8.055634661610445724e-01,1.210963970517655142e+01,1.800000000000000044e+00,-4.453838475480831495e-05,7.740077469827849610e-01,9.077805201504556276e-01,-1.634962208106445658e+00
8.018102826061106470e-01,1.205122811447854758e+01,1.800000000000000044e+00,8.711263064342805729e-02,7.746979716772240954e-01,9.080330556004077014e-01,-1.634962208106445658e+00
7.980570990511767215e-01,1.199281652378054375e+01,1.800000000000000044e+00,8.711263064342805729e-02,7.748663960829503816e-01,9.087857270992675263e-01,-1.634962208106445658e+00
7.943039154962427961e-01,1.193440493308253991e+01,1.800000000000000044e+00,1.731962492702523171e-01,7.768915592853151697e-01,9.082179902239934099e-01,-1.634962208106445658e+00
7.905507319413089817e-01,1.187599334238453785e+01,1.800000000000000044e+00,1.731962492702523171e-01,7.760322232362403261e-01,9.096158659900217547e-01,-1.634962208106445658e+00
7.867975483863750563e-01,1.181758175168653402e+01,1.800000000000000044e+00,2.593988697350003148e-01,7.767649453205330845e-01,9.083598355412100256e-01,-1.634962208106445658e+00
7.830443648314411309e-01,1.175917016098853018e+01,1.800000000000000044e+00,2.593988697350003148e-01,7.771169095658924109e-01,9.093827425990739233e-01,-1.634962208106445658e+00
7.792911812765072055e-01,1.170075857029052635e+01,1.800000000000000044e+00,3.435809295905713490e-01,7.759785626575721462e-01,9.091754560166519505e-01,-1.634962208106445658e+00
7.755379977215732801e-01,1.164234697959252252e+01,1.800000000000000044e+00,3.435809295905713490e-01,7.755529396303024736e-01,9.104394038636536290e-01,-1.634962208106445658e+00
7.717848141666394657e-01,1.158393538889452046e+01,1.800000000000000044e+00,3.945305140304904423e-01,7.743136654304952904e-01,9.113850900160571644e-01,-1.634962208106445658e+00
7.680316306117055403e-01,1.152552379819651662e+01,1.800000000000000044e+00,3.945305140304904423e-01,7.712724160537088869e-01,9.135166644755837728e-01,-1.634962208106445658e+00
7.642784470567716149e-01,1.146711220749851279e+01,1.800000000000000044e+00,3.694746817615650047e-01,7.687626952761545951e-01,9.157078349693352770e-01,-1.634962208106445658e+00
7.605252635018376894e-01,1.140870061680050895e+01,1.800000000000000044e+00,3.694746817615650047e-01,7.659636483168812404e-01,9.193434254321969368e-01,-1.634962208106445658e+00
7.567720799469037640e-01,1.135028902610250512e+01,1.800000000000000044e+00,2.835187763195961552e-01,7.612924978783160990e-01,9.228560243552178521e-01,-1.634962208106445658e+00
7.530188963919699496e-01,1.129187743540450306e+01,1.800000000000000044e+00,2.835187763195961552e-01,7.578231941046205122e-01,9.282061562595806947e-01,-1.634962208106445658e+00
7.492657128370360242e-01,1.123346584470649923e+01,1.800000000000000044e+00,1.822197664162581165e-01,7.534033510665518740e-01,9.330839383400566511e-01,-1.634962208106445658e+00
7.455125292821020988e-01,1.117505425400849539e+01,1.800000000000000044e+00,1.822197664162581165e-01,7.484029142251009681e-01,9.383346525125965121e-01,-1.634962208106445658e+00
7.417593457271681734e-01,1.111664266331049156e+01,1.800000000000000044e+00,8.169543900943672388e-02,7.453523496609598675e-01,9.434170160061727817e-01,-1.634962208106445658e+00
7.380061621722342480e-01,1.105823107261248772e+01,3.000000000000000000e+00,8.169543900943672388e-02,7.391609437703839935e-01,9.461765121836325232e-01,-1.634962208106445658e+00
7.342529786173004336e-01,1.099981948191448566e+01,3.000000000000000000e+00,-1.961044788449820692e-02,7.352397309428045924e-01,9.447560895817465054e-01,-1.634962208106445658e+00
7.304997950623665082e-01,1.094140789121648183e+01,3.000000000000000000e+00,-1.961044788449820692e-02,7.303908772869753818e-01,9.375308232008621179e-01,-1.634962208106445658e+00
7.267466115074325828e-01,1.088299630051847799e+01,3.000000000000000000e+00,-1.239583188895334864e-01,7.258960549768193049e-01,9.254961615349698301e-01,-1.634962208106445658e+00
7.229934279524986573e-01,1.082458470982047416e+01,3.000000000000000000e+00,-1.239583188895334864e-01,7.223753281594919029e-01,9.148506654432683183e-01,-1.634962208106445658e+00
7.192402443975647319e-01,1.076617311912247033e+01,3.000000000000000000e+00,-2.336845846845321262e-01,7.176060183643351298e-01,9.024349296411039445e-01,-1.634962208106445658e+00
7.154870608426309175e-01,1.070776152842446827e+01,3.000000000000000000e+00,-2.336845846845321262e-01,7.153846482530372697e-01,8.936877894656692911e-01,-1.634962208106445658e+00
7.117338772876969921e-01,1.064934993772646443e+01,3.000000000000000000e+00,-3.507118344523476594e-01,7.106437932286262527e-01,8.842203488465552041e-01,-1.634962208106445658e+00
7.079806937327630667e-01,1.059093834702846060e+01,3.000000000000000000e+00,-3.507118344523476594e-01,7.096761999042964231e-01,8.754873958844976434e-01,-1.634962208106445658e+00
7.079806937327630667e-01,1.059093834702846060e+01,3.000000000000000000e+00,-4.758379421354957395e-01,7.096761999042964231e-01,8.754873958844976434e-01,-1.697546184500515087e+00
6.955342475277674907e-01,1.049326784838959981e+01,3.000000000000000000e+00,-6.077006580229266097e-01,7.110505815103819183e-01,8.633744350154893832e-01,-1.733778171118891764e+00
6.761503162575391856e-01,1.039737053213584339e+01,3.000000000000000000e+00,-7.414716459269465876e-01,7.209987225951591805e-01,8.465497446570411366e-01,-1.812629757455192836e+00
6.487131142790412142e-01,1.030344793263857461e+01,3.000000000000000000e+00,-8.677140425952462044e-01,7.409068712318472860e-01,8.294711426324969938e-01,-1.902950547199651288e+00
6.121068559492337524e-01,1.021170158426917141e+01,3.000000000000000000e+00,-9.724063120063374255e-01,7.713797511610555047e-01,8.143285188946697284e-01,-2.002775520929418906e+00
5.652157556250784198e-01,1.012233302139901525e+01,3.000000000000000000e+00,-1.037274127834064252e+00,8.126670007814399410e-01,7.940922285844533857e-01,-2.108696766532701439e+00
5.070288246138034971e-01,1.003556734397578332e+01,3.000000000000000000e+00,-1.023664731375272252e+00,8.648759043662939128e-01,7.703816780232122241e-01,-2.212225029186865033e+00
4.379833298936373076e-01,9.951955319625676921e+00,3.000000000000000000e+00,-9.210046259375904709e-01,9.266795921172229500e-01,7.495504889700198570e-01,-2.305306934035883604e+00
3.595731397375608873e-01,9.872285312759569109e+00,3.000000000000000000e+00,-7.923754623435979028e-01,9.957338948373635201e-01,7.344407186183117275e-01,-2.387702569373371109e+00
2.733161391870338464e-01,9.797351088412943554e+00,3.000000000000000000e+00,-6.917999693351684076e-01,1.069692327763309025e+00,7.200836532892979092e-01,-2.462555103016268010e+00
1.807302132835243436e-01,9.727946411621294587e+00,3.000000000000000000e+00,-6.268874652752488563e-01,1.052988834459354761e+00,7.099562611360977771e-01,-2.532642217714824451e+00
8.333324706850109287e-02,9.664865047420111210e+00,3.000000000000000000e+00,-5.919271076000479637e-01,1.011988634655850428e+00,7.107236074930329828e-01,-2.570072114307924149e+00
8.264312558342254422e-02,9.664865047420111210e+00,3.000000000000000000e+00,-5.838983078531684301e-01,1.012072170367225965e+00,7.104012881580578087e-01,-2.634301935456420996e+00
-1.735687441657746133e-02,9.608900760844882427e+00,3.000000000000000000e+00,-5.838983078531684301e-01,9.681287799232614066e-01,7.223729859921759200e-01,-2.641688956613572170e+00
-1.982226613023896356e-02,9.608900760844882427e+00,3.000000000000000000e+00,-6.028269106641843678e-01,9.684255555484128086e-01,7.215866048521540899e-01,-2.703073747409191707e+00
-1.198222661302389691e-01,9.560847316931104345e+00,3.000000000000000000e+00,-6.028269106641843678e-01,9.221374205107536470e-01,7.338059481608500967e-01,-2.704037406586048409e+00
-1.225450430310255356e-01,9.560847316931104345e+00,3.000000000000000000e+00,-6.521103731975396167e-01,9.221541659668781588e-01,7.329998526865051378e-01,-2.775775753229296150e+00
-2.225450430310255412e-01,9.521498480714258861e+00,3.000000000000000000e+00,-6.521103731975396167e-01,8.765665780005486019e-01,7.488746533967400865e-01,-2.771632434077071938e+00
-2.240073200774681250e-01,9.521498480714258861e+00,3.000000000000000000e+00,-7.393457656704526260e-01,8.763994431295397680e-01,7.486499964989725697e-01,-2.855463044677214235e+00
-3.240073200774681306e-01,9.491648017229840306e+00,3.000000000000000000e+00,-7.393457656704526260e-01,8.335954034948794833e-01,7.698557970025898811e-01,-2.897856354754890784e+00
-4.226912122280979678e-01,9.472089691513341236e+00,3.000000000000000000e+00,-8.777732851140869208e-01,7.928842083716145517e-01,7.872210729338451340e-01,-2.997416766682794442e+00
-5.170788344414568583e-01,9.463617268600248877e+00,3.000000000000000000e+00,-1.088068665969975646e+00,7.591986639127408232e-01,7.982683025063593840e-01,-3.113915268391891367e+00
-6.056523016760744227e-01,9.467024513526055784e+00,3.000000000000000000e+00,-1.398695208141063295e+00,7.336281497649523864e-01,8.073956903767111060e-01,3.027332701574489082e+00
-6.868937288904870542e-01,9.483105191326249184e+00,3.000000000000000000e+00,-1.833212533298505642e+00,7.170180444239140360e-01,8.104353824299225240e-01,2.853963645007727479e+00
-7.594608669420740421e-01,9.512526082639093161e+00,3.000000000000000000e+00,-2.314354661155374249e+00,7.126007461775403229e-01,7.966097077402830573e-01,2.657943221713158000e+00
-8.235152204042426316e-01,9.554866757228150931e+00,3.000000000000000000e+00,-2.550554906076552886e+00,7.200935480833329239e-01,7.752737214904582563e-01,2.465782850823118100e+00
-8.799821256790791857e-01,9.609154536000204416e+00,3.000000000000000000e+00,-2.357768610114437724e+00,7.372217091659239996e-01,7.470666581879306101e-01,2.297508363776354479e+00
-9.297929267843707546e-01,9.674412396368104794e+00,3.000000000000000000e+00,-1.444306767537093306e+00,7.552833303176738067e-01,7.134186846443052454e-01,2.159903385124952724e+00
-9.738789677379069420e-01,9.749663315744701464e+00,3.000000000000000000e+00,-1.040140097160280774e+00,7.594834483207573150e-01,6.675021781147005839e-01,2.052432047641958412e+00
-1.013171592557476464e+00,9.833930271542849155e+00,3.000000000000000000e+00,-7.279027492942035105e-01,7.474844444658083065e-01,6.178893679712197384e-01,1.971129437113938954e+00
-1.048602145260867813e+00,9.926236241175404373e+00,3.000000000000000000e+00,-4.953800895844004959e-01,7.320970595559116445e-01,5.706181345315570752e-01,1.911390844574138992e+00
-1.081101969865870593e+00,1.002560420205522185e+01,3.000000000000000000e+00,-3.222926182462013123e-01,7.160024445048316366e-01,5.310823925399338341e-01,1.876866574469280069e+00
-1.111602410390272189e+00,1.012560420205522149e+01,3.000000000000000000e+00,-3.222926182462013123e-01,6.992535629226013238e-01,4.965745682825006280e-01,1.852345871227289331e+00
-1.111602410390272189e+00,1.013105713159514742e+01,3.000000000000000000e+00,-1.906137475786850444e-01,6.998539806429763255e-01,4.935638542715559129e-01,1.842974556976293421e+00
-1.141034810851861758e+00,1.023105713159514707e+01,3.000000000000000000e+00,-1.906137475786850444e-01,6.830491424141589274e-01,4.739680561696791861e-01,1.830972235092211520e+00
-1.141034810851861758e+00,1.024161800720804116e+01,3.000000000000000000e+00,-8.669513935849516850e-02,6.838869025524826339e-01,4.702696700121873907e-01,1.829817314924260252e+00
-1.170330515268428906e+00,1.034161800720804081e+01,3.000000000000000000e+00,-8.669513935849516850e-02,6.672473106389790187e-01,4.752996840068343665e-01,1.820878833982999989e+00
-1.170330515268428906e+00,1.035630980630675424e+01,3.000000000000000000e+00,-7.269270888678942052e-04,6.682235515829800798e-01,4.736676387266950394e-01,1.827372143927615822e+00
-1.200420867657760793e+00,1.045630980630675388e+01,1.800000000000000044e+00,-7.269270888678942052e-04,6.520079768940963971e-01,4.862879420792470264e-01,1.820791586412162433e+00
-1.200420867657760793e+00,1.047415550630414138e+01,1.800000000000000044e+00,7.429220356405899506e-02,6.533971499365512914e-01,4.854130684197190404e-01,1.834492385547517701e+00
-1.232237212037648133e+00,1.057415550630414103e+01,1.800000000000000044e+00,7.429220356405899506e-02,6.387169492915165669e-01,5.239585755266699119e-01,1.829922717561616619e+00
-1.232237212037648133e+00,1.059417808461305732e+01,1.800000000000000044e+00,1.434297744217379045e-01,6.411217934046620215e-01,5.268519247283081075e-01,1.850493629307512489e+00
-1.266710892425878088e+00,1.069417808461305697e+01,1.800000000000000044e+00,1.434297744217379045e-01,6.291292040820141152e-01,5.710017894839536368e-01,1.847865359788612327e+00
-1.266710892425878088e+00,1.071540051864635146e+01,1.800000000000000044e+00,2.079327343305472919e-01,6.352812685471730392e-01,5.752749398657404090e-01,1.875036016678341966e+00
-1.304773252840239595e+00,1.081540051864635110e+01,1.800000000000000044e+00,2.079327343305472919e-01,6.285619554793659969e-01,6.371785674571568414e-01,1.874511513166887244e+00
-1.304773252840239595e+00,1.083684578581687852e+01,1.800000000000000044e+00,2.585866564683307889e-01,6.369393217937779905e-01,6.414690504018825123e-01,1.906666176090471509e+00
-1.347169391850085329e+00,1.093684578581687816e+01,1.800000000000000044e+00,2.585866564683307889e-01,6.449686491367311314e-01,7.100086142900901010e-01,1.908781015717884388e+00
-1.347169391850085329e+00,1.095747064122009462e+01,1.800000000000000044e+00,2.904593276011666614e-01,6.551885453475919663e-01,7.172036224127763537e-01,1.940089444563157794e+00
-1.393857261477498222e+00,1.105747064122009427e+01,1.800000000000000044e+00,2.904593276011666614e-01,6.746999844240632038e-01,7.897626400010234748e-01,1.946165133196529506e+00
-1.393857261477498222e+00,1.107595195838155000e+01,1.800000000000000044e+00,3.184703009183297850e-01,6.866917595077592917e-01,7.957224323454858972e-01,1.975345281362961281e+00
-1.444586896079526728e+00,1.117595195838154964e+01,1.800000000000000044e+00,3.184703009183297850e-01,7.223272611316549074e-01,8.717783836562753574e-01,1.986437645966770749e+00
-1.444586896079526728e+00,1.119089268263300063e+01,1.800000000000000044e+00,3.584467595303416632e-01,7.337861277172083030e-01,8.743768351016903972e-01,2.013709217682042141e+00
-1.499108328797095435e+00,1.129089268263300028e+01,1.800000000000000044e+00,3.584467595303416632e-01,7.833546966380096066e-01,9.395069019506016028e-01,2.030946265828205366e+00
-1.499108328797095435e+00,1.130089575887378395e+01,1.800000000000000044e+00,4.173728094152455159e-01,7.918749168700760510e-01,9.401558584698576082e-01,2.056461683169469534e+00
-1.557171592771133373e+00,1.140089575887378359e+01,1.800000000000000044e+00,4.173728094152455159e-01,8.518740006298167744e-01,1.000753625603642227e+00,2.081350552449614089e+00
-1.557171592771133373e+00,1.140456413200323915e+01,1.800000000000000044e+00,5.023339067139550584e-01,8.551467176142747428e-01,1.000660483712299209e+00,2.122886299439436630e+00
-1.618526721142566682e+00,1.150050074692071256e+01,1.800000000000000044e+00,6.243452931610110612e-01,9.183599373201665195e-01,1.062955723395090812e+00,2.173512232862701676e+00
-1.682923747052323948e+00,1.158730854852554515e+01,1.800000000000000044e+00,7.999792008271268129e-01,9.810632048916282377e-01,1.128902725172956201e+00,2.295323107206932889e+00
-1.819843624050516029e+00,1.172794949139463938e+01,1.800000000000000044e+00,1.052602003922856966e+00,1.093601580645094939e+00,1.104217258213392894e+00,2.399257814272429457e+00
-1.891866541420804904e+00,1.177898852245758299e+01,1.800000000000000044e+00,1.409944360725174928e+00,1.138849774820114069e+00,1.058841688493542987e+00,2.602642592609622607e+00
-1.965931488893125412e+00,1.181531051980524971e+01,1.800000000000000044e+00,1.888464024243248218e+00,1.174263635717636589e+00,1.025656914094940086e+00,2.781015239473431322e+00
-2.041788499608404361e+00,1.183551842833698053e+01,1.800000000000000044e+00,2.447691378078392876e+00,1.198342612424582176e+00,1.007394269873771231e+00,2.993219108810794449e+00
-2.119187070980307119e+00,1.183821794107617720e+01,1.800000000000000044e+00,2.887934610383798617e+00,1.209876951512975030e+00,1.005132879721194694e+00,-3.060403054142992296e+00
-2.197717634239193529e+00,1.182283071401071872e+01,1.800000000000000044e+00,2.853028310143192137e+00,1.208752663608504863e+00,1.021863004301635236e+00,-2.848578087430162942e+00
-2.276590249361737595e+00,1.179072959633196049e+01,1.800000000000000044e+00,2.343744818753308312e+00,1.196953057688292299e+00,1.058496791345810095e+00,-2.674709882007300088e+00
-2.354959315083009486e+00,1.174357296310962262e+01,1.800000000000000044e+00,1.763598602544369953e+00,1.176851570520331958e+00,1.108924228200804940e+00,-2.535467795460755625e+00
-2.431979230138078485e+00,1.168301918941342876e+01,1.800000000000000044e+00,1.318052251697463539e+00,1.150903715955298834e+00,1.172267424687800430e+00,-2.422830283896609593e+00
-2.506804393262014319e+00,1.161072665031309192e+01,1.800000000000000044e+00,1.010192237050471009e+00,1.118028468827824584e+00,1.101555308492150775e+00,-2.329462883436252518e+00
-2.578589203189885826e+00,1.152835372087834109e+01,1.800000000000000044e+00,8.051275586916950555e-01,1.083864777524748524e+00,1.034458153341593745e+00,-2.249571316483188532e+00
-2.646488058656763620e+00,1.143755877617888572e+01,1.800000000000000044e+00,6.717179746862386169e-01,1.050929798910020807e+00,9.706036226141282475e-01,-2.178732880499763436e+00
-2.709655358397716096e+00,1.134000019128445302e+01,1.800000000000000044e+00,5.885070467669165639e-01,1.021373946256320275e+00,9.091789234652251084e-01,-2.133177087014027862e+00
-2.709655358397716096e+00,1.133733634126476097e+01,1.800000000000000044e+00,5.423270147326372248e-01,1.019507842019577559e+00,9.090487377654647982e-01,-2.082013902021226492e+00
-2.767245501147813869e+00,1.123733634126476133e+01,1.800000000000000044e+00,5.423270147326372248e-01,9.939322999626540867e-01,8.478452936057512268e-01,-2.068045645284332767e+00
-2.767245501147813869e+00,1.123122560118952507e+01,1.800000000000000044e+00,5.261156801215572942e-01,9.898676411948603704e-01,8.475539914220442395e-01,-2.020108810279313438e+00
-2.818412885642127552e+00,1.113122560118952542e+01,1.800000000000000044e+00,5.261156801215572942e-01,9.679385291257414092e-01,7.869157759804891183e-01,-2.013603519223384986e+00
-2.818412885642127552e+00,1.112332634612847038e+01,1.800000000000000044e+00,5.374785040755486465e-01,9.634168352352910913e-01,7.855835058138574967e-01,-1.957195586733289971e+00
-2.862311910615724653e+00,1.102332634612847073e+01,1.800000000000000044e+00,5.374785040755486465e-01,9.457356723777565755e-01,7.261225124024038857e-01,-1.956774999213703348e+00
-2.862311910615724653e+00,1.101529695115131702e+01,1.800000000000000044e+00,5.770660965430247646e-01,9.413080291092387197e-01,7.247570846680160273e-01,-1.890673439288917734e+00
-2.898096974803675341e+00,1.091529695115131737e+01,1.800000000000000044e+00,5.770660965430247646e-01,9.221821945327065562e-01,6.712253701649282256e-01,-1.894577527409090800e+00
-2.898096974803675341e+00,1.090866402761401055e+01,1.800000000000000044e+00,6.359525676430863861e-01,9.192071638833502201e-01,6.700936597328469579e-01,-1.818234106240721681e+00
-2.925033989325368289e+00,1.080866402761401091e+01,1.800000000000000044e+00,6.359525676430863861e-01,8.976077199701718579e-01,6.247657475363884716e-01,-1.822301748812762412e+00
-2.925033989325368289e+00,1.080382876033777784e+01,1.800000000000000044e+00,6.820703762600409670e-01,8.954337646111549809e-01,6.239372029587557655e-01,-1.743682485404217442e+00
-2.943341320211140477e+00,1.070382876033777819e+01,1.800000000000000044e+00,6.820703762600409670e-01,8.725395553769701440e-01,5.881512885378361588e-01,-1.746354861353211607e+00
-2.943341320211140477e+00,1.070062180917230243e+01,1.800000000000000044e+00,6.920811565651531216e-01,8.714396971520433910e-01,5.875982820879401824e-01,-1.671022864981137168e+00
-2.953720172036705893e+00,1.060062180917230279e+01,1.800000000000000044e+00,6.920811565651531216e-01,8.414398739515182024e-01,5.622142637794117492e-01,-1.672445794274475483e+00
-2.953720172036705893e+00,1.059886937954205344e+01,1.800000000000000044e+00,6.742557065071915767e-01,8.408001644936935470e-01,5.619098333660262901e-01,-1.601796434835446759e+00
-2.956875519183309819e+00,1.049886937954205379e+01,1.800000000000000044e+00,6.742557065071915767e-01,8.128118649407969354e-01,5.474591271639440704e-01,-1.602191339606111375e+00
-2.956875519183309819e+00,1.049839767687149106e+01,1.800000000000000044e+00,6.377209984677859600e-01,8.126923469617064466e-01,5.473765855100898303e-01,-1.537334886887878671e+00
-2.953512336032197982e+00,1.039839767687149141e+01,1.800000000000000044e+00,6.377209984677859600e-01,7.754756525740270634e-01,5.423529924369983046e-01,-1.507979691856669247e+00
-2.944335596964614776e+00,1.029903290658509007e+01,1.800000000000000044e+00,5.858014575960988068e-01,7.434646007503994403e-01,5.432301180314239586e-01,-1.452730772341832344e+00
-2.930050276361805039e+00,1.020060127410731177e+01,1.800000000000000044e+00,5.225536177623376632e-01,7.027023072095898160e-01,5.509036307302216384e-01,-1.404207859011615378e+00
-2.911361348605014499e+00,1.010292898486262025e+01,1.800000000000000044e+00,4.520081423938530629e-01,6.698774323219918170e-01,5.632804507364280733e-01,-1.362933410071208273e+00
-2.888973788075488880e+00,1.000584224427549174e+01,1.800000000000000044e+00,7.426818796058127781e-01,6.295611434000243367e-01,5.773761484524816412e-01,-1.439425846405873788e+00
-2.888973788075488880e+00,9.933495011932864216e+00,1.800000000000000044e+00,9.895004184449961160e-02,6.251382333875119546e-01,5.691104620760326638e-01,-1.382907907049522933e+00
-2.856205229193153450e+00,9.833495011932864571e+00,2.200000000000000178e+00,9.895004184449961160e-02,5.849726117376645718e-01,5.836554193055190076e-01,-1.254137325270606063e+00
-2.823436670310818020e+00,9.733495011932864927e+00,2.600000000000000089e+00,9.895004184449961160e-02,5.569029843433466187e-01,5.940738148547346498e-01,-1.254137325270606063e+00
-2.790668111428482590e+00,9.633495011932865282e+00,3.599999999999999645e+00,9.895004184449961160e-02,5.288019440827720352e-01,5.999355380817520400e-01,-1.328239751767658516e+00
-2.790668111428482590e+00,9.601058311983099003e+00,3.599999999999999645e+00,4.577997362899413614e-02,5.343303332870036337e-01,5.889784921842922127e-01,-1.341554013011551527e+00
-2.759764765161976552e+00,9.501058311983099358e+00,3.429763790247756905e+00,4.577997362899413614e-02,5.183343764276207022e-01,5.858822160057703954e-01,-1.284873639699709358e+00
-2.734312859145226593e+00,9.409359278956006989e+00,3.259527580495513721e+00,4.577997362899413614e-02,5.170095790944808645e-01,5.767445226550123039e-01,-1.300052451076109117e+00
-2.708860953128476634e+00,9.317660245928916396e+00,3.089291370743270981e+00,4.577997362899413614e-02,5.175712981867113260e-01,5.656531280827393759e-01,-1.300052451076106896e+00
-2.683409047111726231e+00,9.225961212901824027e+00,2.919055160991027797e+00,4.577997362899413614e-02,5.252061464359802923e-01,5.548325433676959406e-01,-1.300052451076109339e+00
-2.657957141094976272e+00,9.134262179874731657e+00,2.919055160991027797e+00,5.687648343879309065e-02,5.416818048807614527e-01,5.465052077645184969e-01,-1.300052451076109117e+00
-2.632505235078226313e+00,9.042563146847641065e+00,3.016677201399097452e+00,5.687648343879309065e-02,5.574736350531032114e-01,5.428768035112588874e-01,-1.300052451076109117e+00
-2.607053329061476354e+00,8.950864113820548695e+00,3.114299241807167551e+00,5.687648343879309065e-02,5.818025300548235190e-01,5.423424074712245302e-01,-1.300052451076109339e+00
-2.581601423044725951e+00,8.859165080793456326e+00,3.211921282215238094e+00,5.687648343879309065e-02,6.106451232906331406e-01,5.449869245845634369e-01,-1.300052451076106896e+00
-2.556149517027975993e+00,8.767466047766365733e+00,3.309543322623307748e+00,5.687648343879309065e-02,6.409987486987155370e-01,5.568970285667819153e-01,-1.300052451076109117e+00
-2.530697611011226034e+00,8.675767014739273364e+00,3.309543322623307748e+00,5.546069665437376034e-02,6.781350557719254546e-01,5.714127831044399919e-01,-1.300052451076111559e+00
-2.505245704994476075e+00,8.584067981712180995e+00,3.367634658098646483e+00,5.546069665437376034e-02,7.157246602981450767e-01,5.920014752759683585e-01,-1.300052451076106896e+00
-2.479793798977725672e+00,8.492368948685090402e+00,3.425725993573984329e+00,5.546069665437376034e-02,7.568533303591479244e-01,6.190860416873845695e-01,-1.300052451076106896e+00
-2.454341892960975713e+00,8.400669915657998033e+00,3.483817329049323064e+00,5.546069665437376034e-02,8.023093708111119771e-01,6.460070894962812726e-01,-1.300052451076111559e+00
-2.428889986944225754e+00,8.308970882630905663e+00,3.541908664524661354e+00,5.546069665437376034e-02,8.464481707822226753e-01,6.750986094473898635e-01,-1.300052451076109117e+00
-2.403438080927475795e+00,8.217271849603815070e+00,3.599999999999999645e+00,5.546069665437376034e-02,8.949588180362311185e-01,7.043595994250511083e-01,-1.300052451076109117e+00
-2.377986174910725836e+00,8.125572816576722701e+00,3.599999999999999645e+00,3.737849113855930966e-02,9.441747296576367132e-01,7.282953243968319779e-01,-1.300052451076109339e+00
-2.352534268893975433e+00,8.033873783549630332e+00,3.599999999999999645e+00,3.737849113855930966e-02,9.941656740817558235e-01,7.388531322328926176e-01,-1.300052451076106896e+00
-2.327082362877225474e+00,7.942174750522539739e+00,3.599999999999999645e+00,3.737849113855930966e-02,1.047353334232481448e+00,7.404901730836193074e-01,-1.300052451076109117e+00
-2.301630456860475515e+00,7.850475717495447370e+00,3.599999999999999645e+00,3.737849113855930966e-02,1.099157050900133825e+00,7.378444597851983033e-01,-1.300052451076110449e+00
-2.276178550843725557e+00,7.758776684468355889e+00,3.599999999999999645e+00,3.737849113855930966e-02,1.154089182742181974e+00,7.316088612605896602e-01,-1.300052451076106896e+00
-2.250726644826975154e+00,7.667077651441264408e+00,3.599999999999999645e+00,3.737849113855930966e-02,1.209560042284240300e+00,7.245770863437485110e-01,-1.300052451076108229e+00
-2.225274738810225195e+00,7.575378618414172038e+00,3.599999999999999645e+00,-7.918820591022974564e-05,1.266899144188087689e+00,7.164545838369750230e-01,-1.300052451076110449e+00
-2.199822832793475236e+00,7.483679585387080557e+00,3.599999999999999645e+00,-7.918820591022974564e-05,1.325347713631315205e+00,7.067791837578124570e-01,-1.300052451076109117e+00
-2.174370926776725277e+00,7.391980552359989076e+00,3.599999999999999645e+00,-7.918820591022974564e-05,1.385769881263114955e+00,6.950925207810482176e-01,-1.300052451076110449e+00
-2.148919020759975318e+00,7.300281519332896707e+00,3.599999999999999645e+00,-7.918820591022974564e-05,1.446671507318300742e+00,6.809405161478583324e-01,-1.300052451076108229e+00
-2.123467114743224915e+00,7.208582486305805226e+00,3.599999999999999645e+00,-7.918820591022974564e-05,1.510854130815696639e+00,6.638742862433882896e-01,-1.300052451076106896e+00
-2.098015208726474956e+00,7.116883453278713745e+00,3.599999999999999645e+00,-7.918820591022974564e-05,1.573804316820486937e+00,6.435569010354903474e-01,-1.300052451076110449e+00
-2.072563302709724997e+00,7.025184420251621376e+00,3.599999999999999645e+00,-4.919674293716518737e-02,1.639863675748300276e+00,6.209393845034484327e-01,-1.300052451076110449e+00
-2.047111396692975038e+00,6.933485387224529894e+00,3.599999999999999645e+00,-4.919674293716518737e-02,1.707103227500067488e+00,5.978244782313321126e-01,-1.300052451076106896e+00
-2.021659490676224635e+00,6.841786354197438413e+00,3.599999999999999645e+00,-4.919674293716518737e-02,1.774533982767889206e+00,5.760188364780720605e-01,-1.300052451076108229e+00
-1.996207584659474676e+00,6.750087321170346044e+00,3.599999999999999645e+00,-4.919674293716518737e-02,1.844411371416628809e+00,5.573125603175503873e-01,-1.300052451076109117e+00
-1.970755678642724718e+00,6.658388288143255451e+00,3.599999999999999645e+00,-4.919674293716518737e-02,1.915594025437023173e+00,5.425865732952661613e-01,-1.300052451076109117e+00
-1.945303772625974759e+00,6.566689255116163082e+00,3.599999999999999645e+00,-4.919674293716518737e-02,1.986394022988714037e+00,5.278127075057132966e-01,-1.300052451076110449e+00
-1.919851866609224578e+00,6.474990222089070713e+00,3.599999999999999645e+00,-7.730176848784379995e-02,2.059158804754148697e+00,5.197731664091326254e-01,-1.300052451076106896e+00
-1.894399960592474397e+00,6.383291189061980120e+00,3.599999999999999645e+00,-7.730176848784379995e-02,2.133687366083361514e+00,5.197595679946940272e-01,-1.300052451076108007e+00
-1.868948054575724438e+00,6.291592156034887751e+00,3.599999999999999645e+00,-7.730176848784379995e-02,2.208530342543618463e+00,5.197740501424035209e-01,-1.300052451076110449e+00
-1.843496148558974479e+00,6.199893123007796270e+00,3.599999999999999645e+00,-7.730176848784379995e-02,2.283523099444473292e+00,5.258913318428862782e-01,-1.300052451076108007e+00
-1.818044242542224298e+00,6.108194089980704788e+00,3.599999999999999645e+00,-7.730176848784379995e-02,2.359970813762986008e+00,5.369197912938233896e-01,-1.300052451076109339e+00
-1.792592336525474339e+00,6.016495056953612419e+00,3.599999999999999645e+00,-7.730176848784379995e-02,2.360831660668293086e+00,5.509696470942740953e-01,-1.300052451076109339e+00
-1.767140430508724158e+00,5.924796023926520938e+00,3.599999999999999645e+00,-4.866349357822615657e-02,2.315470063848505511e+00,5.650760060279879093e-01,-1.300052451076108007e+00
-1.741688524491974199e+00,5.833096990899429457e+00,3.599999999999999645e+00,-4.866349357822615657e-02,2.269829517854780487e+00,5.791224756416822883e-01,-1.300052451076109339e+00
-1.716236618475224018e+00,5.741397957872337088e+00,3.599999999999999645e+00,-4.866349357822615657e-02,2.225506215604293736e+00,5.924187004405253587e-01,-1.300052451076109339e+00
-1.690784712458474059e+00,5.649698924845245607e+00,3.599999999999999645e+00,-4.866349357822615657e-02,2.182026430674108397e+00,6.011674579745915903e-01,-1.300052451076109117e+00
-1.665332806441724101e+00,5.557999891818154126e+00,3.599999999999999645e+00,-4.866349357822615657e-02,2.138393044769038021e+00,6.065682322671936966e-01,-1.300052451076109339e+00
-1.639880900424973920e+00,5.466300858791061756e+00,3.599999999999999645e+00,-4.866349357822615657e-02,2.096073452135358117e+00,6.084077421804523489e-01,-1.300052451076109339e+00
-1.614428994408223961e+00,5.374601825763970275e+00,3.599999999999999645e+00,-3.080299113909190645e-02,2.054732688842141552e+00,6.064719972645539192e-01,-1.300052451076108007e+00
-1.588977088391473780e+00,5.282902792736878794e+00,3.634020212784392356e+00,-3.080299113909190645e-02,2.013100017875965708e+00,5.993154448716241367e-01,-1.300052451076109339e+00
-1.563525182374723821e+00,5.191203759709786425e+00,3.668040425568785068e+00,-3.080299113909190645e-02,1.972749775576423614e+00,5.869242870629707287e-01,-1.300052451076109339e+00
-1.538073276357973640e+00,5.099504726682694944e+00,3.702060638353177335e+00,-3.080299113909190645e-02,1.933479604229390025e+00,5.729286724258270125e-01,-1.300052451076108007e+00
-1.512621370341223681e+00,5.007805693655603463e+00,3.736080851137569603e+00,-3.080299113909190645e-02,1.893980360400658647e+00,5.588919401043137558e-01,-1.300052451076109339e+00
-1.487169464324473500e+00,4.916106660628511094e+00,3.770101063921962758e+00,-3.080299113909190645e-02,1.854885126854280530e+00,5.463686465713762930e-01,-1.300052451076109339e+00
-1.461717558307723541e+00,4.824407627601419613e+00,3.804121276706355026e+00,-3.080299113909190645e-02,1.816313789654258493e+00,5.338855629061233232e-01,-1.300052451076108007e+00
-1.436265652290973360e+00,4.732708594574328131e+00,3.804121276706355026e+00,-3.519908177056605553e-02,1.777996998783264671e+00,5.234385648035311256e-01,-1.300052451076109339e+00
-1.410813746274223401e+00,4.641009561547235762e+00,3.836667228109851280e+00,-3.519908177056605553e-02,1.739665861651859879e+00,5.176121446235866230e-01,-1.300052451076110449e+00
-1.385361840257473443e+00,4.549310528520144281e+00,3.869213179513347978e+00,-3.519908177056605553e-02,1.701052146404659515e+00,5.174207680234494955e-01,-1.300052451076108007e+00
-1.359909934240723262e+00,4.457611495493052800e+00,3.901759130916844232e+00,-3.519908177056605553e-02,1.661888527445082087e+00,5.194353508832221245e-01,-1.300052451076109339e+00
-1.334458028223973303e+00,4.365912462465960431e+00,3.934305082320340929e+00,-3.519908177056605553e-02,1.621908885264506939e+00,5.236767518494140905e-01,-1.300052451076109339e+00
-1.309006122207223122e+00,4.274213429438868950e+00,3.966851033723837183e+00,-3.519908177056605553e-02,1.580848677892697340e+00,5.327870975561626032e-01,-1.300052451076108007e+00
-1.283554216190473163e+00,4.182514396411777469e+00,3.999396985127333437e+00,-3.519908177056605553e-02,1.538445408785351187e+00,5.463208110512430826e-01,-1.300052451076108007e+00
-1.258102310173722982e+00,4.090815363384685988e+00,3.999396985127333437e+00,-3.318245702055727664e-02,1.494439226889140215e+00,5.621516067561771468e-01,-1.300052451076109339e+00
-1.232650404156973023e+00,3.999116330357593618e+00,4.005739512037398420e+00,-3.318245702055727664e-02,1.448610457214136948e+00,5.785490594850767332e-01,-1.300052451076109339e+00
-1.207198498140222842e+00,3.907417297330502137e+00,4.012082038947464291e+00,-3.318245702055727664e-02,1.401121612404286232e+00,5.985524266684053574e-01,-1.300052451076108007e+00
-1.181746592123472883e+00,3.815718264303410656e+00,4.018424565857529274e+00,-3.318245702055727664e-02,1.352361283871493347e+00,6.216470451103083272e-01,-1.300052451076109339e+00
-1.156294686106722702e+00,3.724019231276318287e+00,4.024767092767593368e+00,-3.318245702055727664e-02,1.302724384969436544e+00,6.470417861788616554e-01,-1.300052451076109339e+00
-1.130842780089972743e+00,3.632320198249226806e+00,4.031109619677659239e+00,-3.318245702055727664e-02,1.252609531510793017e+00,6.726067345546457021e-01,-1.300052451076109117e+00
-1.105390874073222784e+00,3.540621165222135325e+00,4.037452146587724222e+00,-3.318245702055727664e-02,1.202419205837836458e+00,6.983624302296079778e-01,-1.300052451076109339e+00
-1.079938968056472604e+00,3.448922132195042956e+00,4.037452146587724222e+00,-2.648687862661472034e-02,1.154062990461924620e+00,7.248313933484825666e-01,-1.300052451076109339e+00
-1.054487062039722645e+00,3.357223099167951474e+00,4.007781212313605401e+00,-2.648687862661472034e-02,1.111766094867138177e+00,7.511719079134085986e-01,-1.300052451076108007e+00
-1.029035156022972464e+00,3.265524066140859993e+00,3.978110278039487469e+00,-2.648687862661472034e-02,1.068675360513305250e+00,7.765454350246739912e-01,-1.300052451076109339e+00
-1.003583250006222505e+00,3.173825033113767624e+00,3.948439343765369092e+00,-2.648687862661472034e-02,1.023985250781187517e+00,8.002146607803487521e-01,-1.300052451076109339e+00
-9.781313439894723238e-01,3.082126000086676143e+00,3.918768409491250715e+00,-2.648687862661472034e-02,9.830958922419394952e-01,8.216771128886968256e-01,-1.300052451076108007e+00
-9.526794379727223649e-01,2.990426967059584662e+00,3.889097475217132782e+00,-2.648687862661472034e-02,9.435015964019410895e-01,8.384769910995614195e-01,-1.300052451076108007e+00
-9.272275319559721840e-01,2.898727934032493181e+00,3.859426540943014405e+00,-2.648687862661472034e-02,9.020513681751251012e-01,8.518891788148946764e-01,-1.300052451076109339e+00
-9.017756259392222251e-01,2.807028901005400812e+00,3.859426540943014405e+00,-1.380074585795377021e-02,8.637562117610609880e-01,8.611615160901436861e-01,-1.300052451076109339e+00
-8.763237199224720442e-01,2.715329867978309331e+00,3.816188784119178390e+00,-1.380074585795377021e-02,8.249190875570348025e-01,8.644448484720053116e-01,-1.300052451076108007e+00
-8.508718139057220853e-01,2.623630834951217849e+00,3.772951027295342818e+00,-1.380074585795377021e-02,7.861588117017502819e-01,8.658510527234657417e-01,-1.300052451076110449e+00
-8.254199078889721264e-01,2.531931801924125480e+00,3.729713270471507247e+00,-1.380074585795377021e-02,7.518610228791932082e-01,8.664888035355040596e-01,-1.300052451076109339e+00
-7.999680018722219454e-01,2.440232768897033999e+00,3.686475513647671232e+00,-1.380074585795377021e-02,7.126457628596065685e-01,8.674653206189596455e-01,-1.300052451076108007e+00
-7.745160958554719866e-01,2.348533735869942518e+00,3.643237756823835216e+00,-1.380074585795377021e-02,6.787594724314933714e-01,8.698859885721822449e-01,-1.300052451076109339e+00
-7.490641898387218056e-01,2.256834702842850149e+00,3.000000000000000000e+00,-1.380074585795377021e-02,6.446783474719270934e-01,8.732526642527771443e-01,-1.300052451076108229e+00
-7.236122838219716247e-01,2.165135669815758668e+00,3.000000000000000000e+00,1.327495429996992243e-02,6.111291831638293592e-01,8.775313770863607532e-01,-1.300052451076106896e+00
-7.236122838219716247e-01,2.165135669815758668e+00,2.877023164278717626e+00,1.327495429996992243e-02,6.111291831638293592e-01,8.775313770863607532e-01,-1.383315768871478557e+00
-7.046414369359318419e-01,2.065135669815758135e+00,2.754046328557435253e+00,1.327495429996992243e-02,5.884037140263747023e-01,8.763929773251424304e-01,-1.383315768871478557e+00
-6.856705900498921702e-01,1.965135669815758268e+00,2.631069492836152879e+00,1.327495429996992243e-02,5.677036757980671311e-01,8.775400972768394592e-01,-1.383315768871478113e+00
-6.666997431638523874e-01,1.865135669815758179e+00,2.508092657114870505e+00,1.327495429996992243e-02,5.498847206862403914e-01,8.807793066362413770e-01,-1.383315768871478335e+00
-6.477288962778127157e-01,1.765135669815758090e+00,2.385115821393588131e+00,1.327495429996992243e-02,5.406980314081659689e-01,8.859174586925727679e-01,-1.406220800728026576e+00
-6.477288962778127157e-01,1.750906893024631650e+00,2.385115821393588131e+00,5.856629854600162860e-02,5.425691473476895732e-01,8.834984631174708225e-01,-1.375364097195676427e+00
-6.251162892352176703e-01,1.650906893024631561e+00,2.245569270024824426e+00,5.856629854600162860e-02,5.434796676658935066e-01,8.939664344105990867e-01,-1.348410333227139990e+00
-6.025036821926226249e-01,1.550906893024631472e+00,2.106022718656060277e+00,5.856629854600162860e-02,5.535093316833230581e-01,9.059412909644144474e-01,-1.348410333227139990e+00
-5.798910751500275795e-01,1.450906893024631383e+00,1.966476167287296573e+00,5.856629854600162860e-02,5.817195813700392071e-01,9.183001955370164726e-01,-1.348410333227139990e+00
-5.572784681074325341e-01,1.350906893024631295e+00,1.826929615918532868e+00,5.856629854600162860e-02,6.242099518974526529e-01,9.316950640695877972e-01,-1.356995140177433834e+00
-5.572784681074325341e-01,1.346758712503150157e+00,1.826929615918532868e+00,1.248518896854931143e-01,6.268245422253133636e-01,9.315184510308303079e-01,-1.314767294645821760e+00
-5.300151798875554210e-01,1.246758712503150068e+00,1.817953077279022001e+00,1.248518896854931143e-01,6.756037315061748094e-01,9.504697386759655142e-01,-1.304632135548485339e+00
-5.027518916676783078e-01,1.146758712503149980e+00,1.808976538639510911e+00,1.248518896854931143e-01,7.358385496039751006e-01,9.700084167972138349e-01,-1.304632135548485339e+00
-4.754886034478011947e-01,1.046758712503149891e+00,1.800000000000000044e+00,1.248518896854931143e-01,8.049614362878608764e-01,9.898166295441221951e-01,-1.335403660930003955e+00
-4.754886034478011947e-01,1.033085383412803093e+00,1.800000000000000044e+00,2.478034844497895017e-01,8.168184302994265789e-01,9.892973666813662525e-01,-1.259761333740554878e+00
-4.389461432257419915e-01,9.330853834128031155e-01,1.800000000000000044e+00,2.478034844497895017e-01,8.893906807166671591e-01,1.017775191834705106e+00,-1.220446837883879088e+00
-4.024036830036827883e-01,8.330853834128031377e-01,1.800000000000000044e+00,2.478034844497895017e-01,9.682509595206481023e-01,1.045923578458795689e+00,-1.346225485163928814e+00
-4.024036830036827883e-01,7.731087776685607871e-01,1.800000000000000044e+00,4.936851142148845351e-01,1.024824719907579951e+00,1.040631435527850090e+00,-1.149919970235097511e+00
-3.307943014225672718e-01,6.731087776685608093e-01,1.800000000000000044e+00,4.936851142148845351e-01,1.100918712713410574e+00,1.103733517499399852e+00,-1.090085542809052566e+00
-3.307943014225672718e-01,6.357983742187417464e-01,1.800000000000000044e+00,7.494622411616239654e-01,1.137214721973016873e+00,1.100525367816664435e+00,-1.027836454789571974e+00
-2.479329396660208129e-01,5.357983742187417686e-01,1.800000000000000044e+00,7.494622411616239654e-01,1.220097555202123152e+00,1.174414966593940957e+00,-9.871588026692715845e-01
-2.479329396660208129e-01,5.103230630957170666e-01,1.800000000000000044e+00,7.900952562729118833e-01,1.245311028255590369e+00,1.172006014147029429e+00,-9.026717876675018903e-01
-1.489070618675765179e-01,4.103230630957170888e-01,1.800000000000000044e+00,7.900952562729118833e-01,1.335008875513141069e+00,1.262337869677240931e+00,-8.498694247494908982e-01
-1.489070618675765179e-01,3.976283479965426748e-01,1.800000000000000044e+00,7.430522073358988289e-01,1.347682520879879720e+00,1.261417086718498393e+00,-7.855000262384191911e-01
-3.623530323775514539e-02,2.976283479965426970e-01,1.800000000000000044e+00,7.430522073358988289e-01,1.445220416885701242e+00,1.365691564721241757e+00,-7.529892824282978792e-01
6.376469676224486016e-02,1.983132974940926552e-01,1.800000000000000044e+00,7.171423395934291012e-01,1.547901467037485990e+00,1.457539654145526109e+00,-6.712729905430050437e-01
8.879493175713948361e-02,1.983132974940926552e-01,1.800000000000000044e+00,5.300275208519795722e-01,1.549752881112924641e+00,1.482527707267914829e+00,-5.945985923218606306e-01
1.887949317571394892e-01,1.137632982213894195e-01,1.800000000000000044e+00,5.300275208519795722e-01,1.644833995160210227e+00,1.575275477237217947e+00,-5.592511620899401903e-01
2.238789304197466024e-01,1.137632982213894195e-01,1.800000000000000044e+00,3.514215153221922350e-01,1.650043430885813844e+00,1.610289591067988635e+00,-2.817885644249553678e-01
3.238789304197465801e-01,7.465759091965185057e-02,1.800000000000000044e+00,3.514215153221922350e-01,1.707049449187857837e+00,1.706626449048076921e+00,-3.727732638508432506e-01
