-1.135608047729198233e+01,1.341287130410478978e+00,9.317837550565638338e+00,4.378755914357624138e-03
-1.125311175188346624e+01,1.330597481213780631e+00,9.254592474785297895e+00,7.693181080636125706e-03
-1.115016528398125750e+01,1.320004499800308650e+00,9.190924901300068228e+00,1.326501163242911965e-02
-1.104725247459411364e+01,1.309557702509688504e+00,9.126840835813222697e+00,1.778728709599782659e-02
-1.094438472473075663e+01,1.299306605681542770e+00,9.062341635227030068e+00,2.233468917219049235e-02
-1.084157343539994045e+01,1.289300725655497359e+00,8.997428440780687708e+00,2.691339653004997876e-02
-1.073883000761040307e+01,1.279589578771175962e+00,8.932102152135755091e+00,3.152946068308470212e-02
-1.063616584237088780e+01,1.270222681368204043e+00,8.866363380495979385e+00,3.618877360616663125e-02
-1.053359234069015216e+01,1.261249549786205737e+00,8.800212394981439701e+00,4.089703163014980075e-02
-1.043112090357691280e+01,1.252719700364804734e+00,8.733649064531594064e+00,4.565969497026159396e-02
-1.032876293203992724e+01,1.244682649443626277e+00,8.666672795691653164e+00,5.048194224558825993e-02
-1.022652982708793701e+01,1.237187913362294278e+00,8.599282466161771055e+00,5.536861935389326972e-02
-1.012443298972968009e+01,1.230285008460433760e+00,8.531476353827908810e+00,6.032418208534745530e-02
-1.002248382097391222e+01,1.224023451077669522e+00,8.463252060920408937e+00,6.535263189147956508e-02
-9.920693721829358935e+00,1.218452757553625032e+00,8.394606432901291271e+00,7.045744427690031619e-02
-9.819074093304768880e+00,1.213622444227925090e+00,8.325535471645947538e+00,7.564148935745614033e-02
-9.717636336408883579e+00,1.209582027440194718e+00,8.256034242452670924e+00,8.090694423410588199e-02
-9.616391852150451669e+00,1.206381023530057828e+00,8.186096774380970942e+00,8.625519697331489322e-02
-9.515352041538216454e+00,1.204068948837139663e+00,8.115715953386276382e+00,9.168674216956186618e-02
-9.414528305580908807e+00,1.202695319701063470e+00,8.044883407682659637e+00,9.720106830065632086e-02
-9.313932045287277361e+00,1.202309652461454936e+00,7.973589384726966323e+00,1.027965373776993652e-01
-9.213574661666068977e+00,1.202961463457937530e+00,7.901822619175124629e+00,1.084702577466243045e-01
-9.113467555726021629e+00,1.204700269030136495e+00,7.829570191114896716e+00,1.142179513209600067e-01
-9.013622128475883954e+00,1.207575585517675743e+00,7.756817373826872419e+00,1.200338170191078274e-01
-8.914049780924388600e+00,1.211636929260180517e+00,7.683547470265850166e+00,1.259103927443435411e-01
-8.814761914080282423e+00,1.216933816597274287e+00,7.609741637386636448e+00,1.318384188761220766e-01
-8.715769928952308732e+00,1.223515763868582518e+00,7.535378697358414257e+00,1.378067069287176316e-01
-8.617085226549209054e+00,1.231432287413728899e+00,7.460434934618324299e+00,1.438020177595615290e-01
-8.518719207879737354e+00,1.240732903572338230e+00,7.387109427923473248e+00,1.498089544489477620e-01
-8.420683273952615622e+00,1.251467128684034869e+00,7.316665344873563903e+00,1.558098756916800609e-01
-8.322988825776597821e+00,1.263684479088444057e+00,7.249305716481207362e+00,1.617848361915836530e-01
-8.225647264360425481e+00,1.277434471125189486e+00,7.185259958207700137e+00,1.677115610788651456e-01
-8.128669990712840132e+00,1.292766621133895732e+00,7.124794074019409784e+00,1.735654617086840323e-01
-8.032068405842592185e+00,1.309730445454186487e+00,7.068227003897281868e+00,1.793197002758510905e-01
-7.935853910758411622e+00,1.328375460425687660e+00,7.015958357482855234e+00,1.849453104189284491e-01
-7.840037906469046192e+00,1.348751182388023828e+00,6.968519233148044556e+00,1.904113803077234768e-01
-7.744631793983237422e+00,1.370907127680818460e+00,6.926676301824143955e+00,1.956853035491233628e-01
-7.649646974309730396e+00,1.394892812643696578e+00,6.891689448063764267e+00,2.007306338964859049e-01
-7.555094848457273748e+00,1.420757753616280539e+00,6.867699261867451277e+00,2.046409705843712235e-01
-7.460986801512870414e+00,1.448551373121205410e+00,6.867548254073083669e+00,2.044070729428752731e-01
-7.367328591123929016e+00,1.478289934619418933e+00,6.890792028989292106e+00,1.985380254357640983e-01
-7.274112075844481495e+00,1.509907802710969360e+00,6.934131357627553172e+00,1.898408447698666790e-01
-7.181327006030879367e+00,1.543326919675685360e+00,6.988943690481797866e+00,1.808294905514442330e-01
-7.088963132039479476e+00,1.578469227793393381e+00,7.052088667752072659e+00,1.718632845178336976e-01
-6.997010204226620900e+00,1.615256669343928086e+00,7.121942101270483327e+00,1.629731310386013099e-01
-6.905457972948658707e+00,1.653611186607116590e+00,7.197416299503371029e+00,1.541839702189457539e-01
-6.814296188561947965e+00,1.693454721862787338e+00,7.277714167678959178e+00,1.455152166897464572e-01
-6.723514601422837522e+00,1.734709217390769664e+00,7.362215731821437181e+00,1.369812328970530513e-01
-6.633102961887685112e+00,1.777296615470890240e+00,7.450417590507690591e+00,1.285918145260004086e-01
-6.543051020312830701e+00,1.821138858382983727e+00,7.541897262559360549e+00,1.203526704889831267e-01
-6.453348527054630246e+00,1.866157888406876797e+00,7.636290591898754698e+00,1.122658842639723820e-01
-6.363985232469435260e+00,1.912275647822398783e+00,7.733276552889384980e+00,1.043303471706874541e-01
-6.274950886913597259e+00,1.959414078909378354e+00,7.832566494313681460e+00,9.654215737510496442e-02
-6.186235240743473973e+00,2.007495123947641513e+00,7.933896157624356960e+00,8.889498102287360370e-02
-6.097828044315403595e+00,2.056440725217024479e+00,8.037019477376830423e+00,8.138037396537844970e-02
-6.009719047985743856e+00,2.106172824997353032e+00,8.141703541676932332e+00,7.398806411827815732e-02
-5.921898002110846271e+00,2.156613365568456064e+00,8.247724303073926677e+00,6.670619565545417295e-02
-5.834354657047061465e+00,2.207684289210163353e+00,8.354862756408637736e+00,5.952153706420066498e-02
-5.747078763150747172e+00,2.259307538202299792e+00,8.462901375834123385e+00,5.241965563936667322e-02
-5.660060070778240693e+00,2.311405054824702709e+00,8.571620647981989194e+00,4.538506134014518717e-02
-5.573288330285901537e+00,2.363898781357197443e+00,8.680795562685613476e+00,3.840132312863069053e-02
-5.486753292030080331e+00,2.416710660079612438e+00,8.790191931873369668e+00,3.145116100206255677e-02
-5.400444706367128589e+00,2.469762633271777919e+00,8.899562404085344269e+00,2.451651696229738622e-02
-5.314352323653402266e+00,2.522976643213518777e+00,9.008642026102549494e+00,1.757860817045521148e-02
-5.228465894245243106e+00,2.576274632184671898e+00,9.117143172217968328e+00,1.061796554071802248e-02
-5.142775168499003513e+00,2.629578542465062618e+00,9.224749609379346182e+00,3.614461058222190326e-03
-5.057269896771040329e+00,2.682810316334520273e+00,9.331109378728758230e+00,3.452672815683381462e-03
-4.971939829417700629e+00,2.735891896072873752e+00,9.435825988691942001e+00,1.060482814458776381e-02
-4.886774716795343920e+00,2.788745223959949726e+00,9.431442275237753137e+00,1.786400719572114534e-02
-4.801764309260308394e+00,2.841292242275583746e+00,9.371141621040953495e+00,2.524751946657190216e-02
-4.716898357168952671e+00,2.893454893299601594e+00,9.310648875208904940e+00,3.214777836203200345e-02
-4.632166575955008803e+00,2.945155388079091274e+00,9.249977828205770081e+00,3.671410643261538431e-02
-4.547554587901243117e+00,2.996347438879201519e+00,9.189128241692122501e+00,3.812001168932081102e-02
-4.463040136062031316e+00,3.047045397138565814e+00,9.128085612027678764e+00,3.798450720829596450e-02
-4.378600067950576324e+00,3.097270506452380889e+00,9.066824679540298249e+00,3.765452862308055204e-02
-4.294211231080097946e+00,3.147044010415829263e+00,9.005320520415056151e+00,3.726995088640387005e-02
-4.209850472963810653e+00,3.196387152624097006e+00,8.943547794812864993e+00,3.683132101822095966e-02
-4.125494641114927141e+00,3.245321176672373742e+00,8.881480474620571997e+00,3.633943485412022972e-02
-4.041120583046668990e+00,3.293867326155842434e+00,8.819091812480918335e+00,3.579533456238132016e-02
-3.956705146272236018e+00,3.342046844669696259e+00,8.756354308095124495e+00,3.520030395103128373e-02
-3.872225178304850246e+00,3.389880975809119956e+00,8.693239671619704012e+00,3.455586160020972242e-02
-3.787657526657725260e+00,3.437390963169301372e+00,8.629718783921108027e+00,3.386375188640904088e-02
-3.702979038844074644e+00,3.484598050345427467e+00,8.565761653409730059e+00,3.312593399785732085e-02
-3.618166562377118645e+00,3.531523480932681203e+00,8.501337369136861000e+00,3.234456906901853751e-02
-3.533196944770059300e+00,3.578188498526258865e+00,8.436414049799276782e+00,3.152200558765374389e-02
-3.448047033536115968e+00,3.624614346721342084e+00,8.370958788254071692e+00,3.066076325268510955e-02
-3.362693676188503566e+00,3.670822269113119152e+00,8.304937591086490656e+00,2.976351548211376638e-02
-3.277113720240435679e+00,3.716833509296777915e+00,8.238315312747097607e+00,2.883307078490760303e-02
-3.191284013205132108e+00,3.762669310867501782e+00,8.171055583696295699e+00,2.787235322453525746e-02
-3.105181402595795781e+00,3.808350917420484372e+00,8.103120731944985167e+00,2.688438221019637947e-02
-3.018782735925645166e+00,3.853899572550910424e+00,8.034471697288509517e+00,2.587225185458781607e-02
-2.932064860707896070e+00,3.899336519853967342e+00,7.965067937394040953e+00,2.483911013735720652e-02
-2.845004624455760744e+00,3.944683002924841642e+00,7.894867324853469981e+00,2.378813810904081491e-02
-2.757578874682460324e+00,3.989960265358717617e+00,7.823826034181378120e+00,2.272252936209136209e-02
-2.669764458901195958e+00,4.035189550750789778e+00,7.751898417581656098e+00,2.164546998296416544e-02
-2.581538224625188782e+00,4.080392102696240642e+00,7.679036868142640415e+00,2.056011918557527907e-02
-2.492877019367651492e+00,4.125589164790261165e+00,7.605191668924605075e+00,1.946959080817496635e-02
-2.403757690641799005e+00,4.170801980628034755e+00,7.530310826172952332e+00,1.837693583606915884e-02
-2.314157085960852012e+00,4.216051793804747483e+00,7.454339884618909728e+00,1.728512609204498757e-02
-2.224052052838010329e+00,4.261359847915590748e+00,7.377221722508197743e+00,1.619703921304165017e-02
-2.133419438786496425e+00,4.306747386555751511e+00,7.298896323616802739e+00,1.511544500925179717e-02
-2.042236091319521663e+00,4.352235653320417619e+00,7.219300523058167940e+00,1.404299327756064128e-02
-1.950478857950302292e+00,4.397845891804772478e+00,7.138367723141977095e+00,1.298220312045899813e-02
-1.858124586192057670e+00,4.443599345604003936e+00,7.056027574890127774e+00,1.193545379798954809e-02
-1.765150123557989170e+00,4.489517258313304282e+00,6.972205620025347272e+00,1.090497711822008275e-02
-1.671532317561317482e+00,4.535620873527857810e+00,6.886822887288208683e+00,9.892851354682347109e-03
-1.577248015715255969e+00,4.581931434842851480e+00,6.799795435768148266e+00,8.900996659457602669e-03
-1.482274065533019547e+00,4.628470185853473140e+00,6.711033836497798610e+00,7.931171924439577720e-03
-1.386587314527828019e+00,4.675258370154907084e+00,6.620442581788752889e+00,6.984973029293023092e-03
-1.290164610212882756e+00,4.722317231342344712e+00,6.527919396835974553e+00,6.069651142190172523e-03
-1.192982800101403562e+00,4.769668013010973873e+00,6.433351608948663980e+00,6.505318942426523490e-03
-1.095018855897288645e+00,4.817331597841947755e+00,6.336625438986779102e+00,1.244497019334482937e-02
-9.962781962769635680e-01,4.865246197970664710e+00,6.237683532723351298e+00,2.567132361927419032e-02
-8.968307822314415256e-01,4.913162457299553587e+00,6.136556625243475338e+00,4.233259111420832610e-02
-7.967554765602409272e-01,4.960805149935294089e+00,6.033316057196676852e+00,5.933508691070027430e-02
-6.961311420629027191e-01,5.007899049984556150e+00,5.928030886265625021e+00,7.653035545689755581e-02
-5.950366415389596320e-01,5.054168931554017696e+00,5.820767791771424449e+00,9.416107800847969833e-02
-4.935508377879462838e-01,5.099339568750346885e+00,5.711591007186370028e+00,1.124650166520161365e-01
-3.917525936094029548e-01,5.143135735680214538e+00,5.600560903441088811e+00,1.316783039230745300e-01
-2.897207718028485535e-01,5.185282206450301246e+00,5.487732263463079185e+00,1.520372793883214280e-01
-1.875342351678240260e-01,5.225503755167277831e+00,5.373152159991926524e+00,1.737785301592816578e-01
-8.527184650386310238e-02,5.263525155937817779e+00,5.256857329151942260e+00,1.971365936568858501e-01
1.698753138950109820e-02,5.299071182868593688e+00,5.138870908585672304e+00,2.223385482235565591e-01
1.191650357127274629e-01,5.331866610066276380e+00,5.019198379457593617e+00,2.495944615936586120e-01
2.211818036662972775e-01,5.361636211637544669e+00,4.897822515184754089e+00,2.790824227008124048e-01
3.229589724506693460e-01,5.388104761689069377e+00,4.774697094880087533e+00,3.109267218772504004e-01
4.244176792663105768e-01,5.410997034327523103e+00,4.649739084217334728e+00,3.451678017305549462e-01
5.254790613136872679e-01,5.430037803659581108e+00,4.522818917710328179e+00,3.817230909495332170e-01
6.260642557932585284e-01,5.444951843791914214e+00,4.393826944336282736e+00,4.203390584963875298e-01
7.260943999055053943e-01,5.455463928831197684e+00,4.273087235543690632e+00,4.605371359701853629e-01
8.254906308508872526e-01,5.461298832884106780e+00,4.161865177614893163e+00,5.015598140994413923e-01
9.241740858298703731e-01,5.462181330057309658e+00,4.061510401119826419e+00,5.423281208351247162e-01
1.022065902042921026e+00,5.457836194457483359e+00,3.973433728262978804e+00,5.814269355325442090e-01
1.119087216690499265e+00,5.447988200191302255e+00,3.899072552157305083e+00,6.171380763720922813e-01
1.215159166973085236e+00,5.432362121365436280e+00,3.839843392991132198e+00,6.475394962103300234e-01
1.310202890091138217e+00,5.410682732086560698e+00,3.797076815776929681e+00,6.706787410091534785e-01
1.404139523245124588e+00,5.382674806461348993e+00,3.771816012396968620e+00,6.848088124879103678e-01
1.496890203635511618e+00,5.348063118596474652e+00,3.766362180651735336e+00,6.886487117979577244e-01
1.588376068462758584e+00,5.306572442598612938e+00,3.778619254000051608e+00,6.814868336164444651e-01
1.678518254927345188e+00,5.257927552574432006e+00,3.715454099799391230e+00,6.636881372273769619e-01
1.767189470887138292e+00,5.201882887793800592e+00,3.588656484178952333e+00,6.505048497888041847e-01
1.853353597603683012e+00,5.138749584930467407e+00,3.417212336034512798e+00,6.664366038612175025e-01
1.935166830608773481e+00,5.069333524705857741e+00,3.235092624366287417e+00,7.219515500432129862e-01
2.010757252571462761e+00,4.994457808241606678e+00,3.043799165614394120e+00,8.204802136159282666e-01
2.078252946160819903e+00,4.914945536659327985e+00,2.843887329604508629e+00,9.706578719726586257e-01
2.135781994045896415e+00,4.831619811080654969e+00,2.635400200155516792e+00,1.183582566703789585e+00
2.181472478895750466e+00,4.745303732627215609e+00,2.444728086960567204e+00,1.461934222181564547e+00
2.213452483379440228e+00,4.656820402420635219e+00,2.311454827978606907e+00,1.736744563483218595e+00
2.230021723586053106e+00,4.566972778926298382e+00,2.285976651888567357e+00,1.846155044671436540e+00
2.231178341048557279e+00,4.476364495793444753e+00,2.344717754882207572e+00,1.739996662734239141e+00
2.217890002769447921e+00,4.385485404528814080e+00,2.461528030184990889e+00,1.527388325408102654e+00
2.191135704874461076e+00,4.294824027069195083e+00,2.612703452669436821e+00,1.294932884500005432e+00
2.151894443489336339e+00,4.204868885351380037e+00,2.790722856459200596e+00,1.080563621542268038e+00
2.101145214739813749e+00,4.116108501312168322e+00,2.987090810502702531e+00,9.003532736443623508e-01
2.039867014751624463e+00,4.029031396888340666e+00,3.194560546750913943e+00,7.566672207389728566e-01
1.969038839650509409e+00,3.944126094016694228e+00,3.407237099508223288e+00,6.456868849758901074e-01
1.889639685562205962e+00,3.861881114634021284e+00,3.620303000435883156e+00,5.618823026940845677e-01
1.802648548612451496e+00,3.782784980677115882e+00,3.829673602379993103e+00,5.000418710556139290e-01
1.709044424926990713e+00,3.707326214082773852e+00,4.025286273894108646e+00,4.544713318692102932e-01
1.609806310631547666e+00,3.635993336787777697e+00,3.848468509691958417e+00,4.042608143744159666e-01
1.505975781452293827e+00,3.569212042230164084e+00,3.661005979359517770e+00,3.242543053610931758e-01
1.399314861569372903e+00,3.506684709948715284e+00,3.463073386487860450e+00,2.202880900713986567e-01
1.292047059724724223e+00,3.447650399454264658e+00,3.255213016101445422e+00,1.106430380698370797e-01
1.186403428237101876e+00,3.391340596677712149e+00,3.038211140803237065e+00,6.432194987848471011e-03
1.084615019425237747e+00,3.336986787549947486e+00,2.813175634453444651e+00,1.477188419292340682e-01
9.889128856078872598e-01,3.283820458001871501e+00,2.581511737601674739e+00,3.399442635771616206e-01
9.015280791037975083e-01,3.231073093964381027e+00,2.344881115217932965e+00,6.296163937782216502e-01
8.246916522317155884e-01,3.177976181368372899e+00,2.105004523141087880e+00,1.100873429781582535e+00
7.606346573103929254e-01,3.123761206144747504e+00,1.862955620528107037e+00,1.895886494620607987e+00
7.115881466585676218e-01,3.067659654224395460e+00,1.616970803167576909e+00,3.156217884312645605e+00
6.797831725949919912e-01,3.008903011538215821e+00,1.448008963843303576e+00,4.495156536204658160e+00
6.672258275112700199e-01,2.946816911856568577e+00,1.420558734931288480e+00,4.650524810245778795e+00
6.737294535494479097e-01,2.881644675495573793e+00,1.567243842264385068e+00,3.594014306876291531e+00
6.978704698300137732e-01,2.814147286657274094e+00,1.790458899950457150e+00,2.452721718536681195e+00
7.382113729433716909e-01,2.745091556253120402e+00,2.058313633689032418e+00,1.650306116973025539e+00
7.933146594799203033e-01,2.675244295194579625e+00,2.349525699453082872e+00,1.146157730826868004e+00
8.617428260300603604e-01,2.605372314393112010e+00,2.650034856243888015e+00,8.356476753647910094e-01
9.420583691841919460e-01,2.536242424760181358e+00,2.950917204019048778e+00,6.423504763494327641e-01
1.032823785532708039e+00,2.468621437207251024e+00,3.246193799316169137e+00,5.204027650710101316e-01
1.132601571666022267e+00,2.403276162645775482e+00,3.531421588172440451e+00,4.435540104220609403e-01
1.239954224174528274e+00,2.340973411987219865e+00,3.802783172511481791e+00,3.969033250916811362e-01
1.353444239648626812e+00,2.282479996143046197e+00,4.056376745522427996e+00,3.721052847136620545e-01
1.471634114678717742e+00,2.228562726024715612e+00,4.287440213537488276e+00,3.647946613655773662e-01
1.593086345855192709e+00,2.179988412543692800e+00,4.489118368578631113e+00,3.732814655711316210e-01
1.716363429768469340e+00,2.137523866611433565e+00,4.649518376964011601e+00,3.975340667217498458e-01
1.840027863008939057e+00,2.101935899139401265e+00,4.553060305996310397e+00,4.332128545947998566e-01
1.962713480342719308e+00,2.073936460971764983e+00,4.469074646817324137e+00,4.667304047003001388e-01
2.083801437322598371e+00,2.053662802685487510e+00,4.403064257719686125e+00,4.896454943291270179e-01
2.203118757172741304e+00,2.040909296304633358e+00,4.343328734152169801e+00,5.067663885402809987e-01
2.320498422227168067e+00,2.035465731213424778e+00,4.292095367477124057e+00,5.219210869773996953e-01
2.435773414819870197e+00,2.037121896796088016e+00,4.249045653655739052e+00,5.350235886919881834e-01
2.548776717284852111e+00,2.045667582436847542e+00,4.213747013891497417e+00,5.459967123969797775e-01
2.659341311956114229e+00,2.060892577519926938e+00,4.185704245007400459e+00,5.548376033057603740e-01
2.767300181167652084e+00,2.082586671429548897e+00,4.164366344123719976e+00,5.616144928032412720e-01
2.872486307253482973e+00,2.110539653549940553e+00,4.149134861885130476e+00,5.664586274912525310e-01
2.974732672547601098e+00,2.144541313265325488e+00,4.139373461139749466e+00,5.695524808986878185e-01
3.073872259384008654e+00,2.184381439959927729e+00,4.134418567978068282e+00,5.711156582559767658e-01
3.169738050096707838e+00,2.229849823017971300e+00,4.133590401906262812e+00,5.713899546208067726e-01
3.262163027019694184e+00,2.280736251823676675e+00,4.136205461909161052e+00,5.706248630904026120e-01
3.350980172486983655e+00,2.336830515761276317e+00,4.141588713373080211e+00,5.690645236786081584e-01
3.436022468832570453e+00,2.397922404214988923e+00,4.149087945011884493e+00,5.669367376908897027e-01
3.517122898390458108e+00,2.463801706569040739e+00,4.158088566166279421e+00,5.644443207131307760e-01
3.594114443494647926e+00,2.534258212207655347e+00,4.168030751339505180e+00,5.617587807944181000e-01
3.666830086479136774e+00,2.609081710515051888e+00,4.178428279343580520e+00,5.590161122391175130e-01
3.735102809677937952e+00,2.688061990875465046e+00,4.188889171475187467e+00,5.563143924690278075e-01
3.798765595425047437e+00,2.770988842673113517e+00,4.199136710159144137e+00,5.537128472271453106e-01
3.857651426054468313e+00,2.857652055292221771e+00,4.209028264876963910e+00,5.512320876960804528e-01
3.911593283900201445e+00,2.947841418117014722e+00,4.217905086902235645e+00,5.488552994698530085e-01
3.960424151296247697e+00,3.041346720531708847e+00,4.219688765140182873e+00,5.429385788762735032e-01
4.003977010578831042e+00,3.137957751919786098e+00,4.236682114716981751e+00,5.156630205575050141e-01
4.042237875172018491e+00,3.237412062966703807e+00,4.321744371770668280e+00,4.539095120429642582e-01
4.075800411810060808e+00,3.339239775800717958e+00,4.458496093527768878e+00,3.741358949064144124e-01
4.105409090946690043e+00,3.442919534186634323e+00,4.623799364519671329e+00,2.951150533887086369e-01
4.131808383035637355e+00,3.547929981889250239e+00,4.756927827942947218e+00,2.201207631622179028e-01
4.155742758530638348e+00,3.653749762673384804e+00,4.625970112844663973e+00,1.481475889124263534e-01
4.177956687885423293e+00,3.759857520303836687e+00,4.491249853351097165e+00,7.767157477727568149e-02
4.199194641553724239e+00,3.865731898545410772e+00,4.352858795473066422e+00,6.809960005180070233e-03
4.220201089989274124e+00,3.970851541162911502e+00,4.210921961642860367e+00,6.659984788412162682e-02
4.241720503645803220e+00,4.074695091921137546e+00,4.065576943233767615e+00,1.449624165487410077e-01
4.264497352977046241e+00,4.176741194584908001e+00,3.916948110252258086e+00,2.308797125354166702e-01
4.289276108436734347e+00,4.276468492919019759e+00,3.765112301814388829e+00,3.270338821945490970e-01
4.316801240478600477e+00,4.373355630688279483e+00,3.610051104756173856e+00,4.358982417900165718e-01
4.347817219556375790e+00,4.466881251657492058e+00,3.451582838873032077e+00,5.591329422800062066e-01
4.383068516123791447e+00,4.556523999591456153e+00,3.289264705851590254e+00,6.964965972922977366e-01
4.423299600634583051e+00,4.641762518254988201e+00,3.122252146700708941e+00,8.441886719372621029e-01
4.469254943542480873e+00,4.722075451412887759e+00,2.978690818827333775e+00,9.928992750439388226e-01
4.521679015301217852e+00,4.796941442829959712e+00,2.865795765137066908e+00,1.126624077496563014e+00
4.581316286364526924e+00,4.865839136271008947e+00,2.788148947932542754e+00,1.219110912831971039e+00
4.648911227186132145e+00,4.928247175500837685e+00,2.782526414678375470e+00,1.220024608104297137e+00
4.725024785995197263e+00,4.983698533592671787e+00,2.850524426983064519e+00,1.117854944968002417e+00
4.809081428200030039e+00,5.032062624210617230e+00,2.980293636198764418e+00,9.794018148340318808e-01
4.900071127318793351e+00,5.073337486551507070e+00,3.134950422083564447e+00,8.572573047115824574e-01
4.996982983882601204e+00,5.107521418248353484e+00,3.298231004784713871e+00,7.606736802218732052e-01
5.098806098422560495e+00,5.134612716934170429e+00,3.462524218439238854e+00,6.872149996689345119e-01
5.204529571469780791e+00,5.154609680241970082e+00,3.621964485295336988e+00,6.339334206267518423e-01
5.313142503555383200e+00,5.167510605804767287e+00,3.771154338876324008e+00,5.982061690608181381e-01
5.423633995210474623e+00,5.173313791255575111e+00,3.904248922394074395e+00,5.780574356505230327e-01
5.534993146966164623e+00,5.172017534227404845e+00,4.013707385771768443e+00,5.722452871540512076e-01
5.646209059353566317e+00,5.163620132353272218e+00,3.924876857369991701e+00,5.802540287398042507e-01
5.756270832903781276e+00,5.148119883266189412e+00,3.801803007581978200e+00,6.022525005581720325e-01
5.864167568147936827e+00,5.125515084599168603e+00,3.665429799143942624e+00,6.390281997487173848e-01
5.968888365617138092e+00,5.095804033985223747e+00,3.522223867954074716e+00,6.918669876650339612e-01
6.069422325842492860e+00,5.058985029057367910e+00,3.378873631572457459e+00,7.623030383247988429e-01
6.164758549355116024e+00,5.015056367448615937e+00,3.244285587539850191e+00,8.511803797653685333e-01
6.253886136686110042e+00,4.964016346791981782e+00,3.141038692532935439e+00,9.437301584630364282e-01
6.335817958285644202e+00,4.905871599434572516e+00,3.115347155842064453e+00,9.941948013463316469e-01
6.410257705566556830e+00,4.840870988048589396e+00,3.132125032047550217e+00,9.723451599084128594e-01
6.477690927876277094e+00,4.769537526948841588e+00,3.212910762908529616e+00,9.024188176474585710e-01
6.538645239387245844e+00,4.692408980112907635e+00,3.319994444594736471e+00,8.130500435900340772e-01
6.593648254271897713e+00,4.610023111518374073e+00,3.450919655898346150e+00,7.153992966857690705e-01
6.643227586702680654e+00,4.522917685142806121e+00,3.602078816831443042e+00,6.173106756618178537e-01
6.687910850852030187e+00,4.431630464963793870e+00,3.769771820803653917e+00,5.238099435283194438e-01
6.728225660892387161e+00,4.336699214958914972e+00,3.950602841096244600e+00,4.374481044627933080e-01
6.764699630996190649e+00,4.238661699105749747e+00,4.141571930170051985e+00,3.589736982270282928e-01
6.797860375335878835e+00,4.138055681381886508e+00,4.340052551385595869e+00,2.879989811429685687e-01
6.828235508083895233e+00,4.035418925764888698e+00,4.544137569119295783e+00,2.275335032662528789e-01
6.856352123849677405e+00,3.931288886829600315e+00,4.750201887180214300e+00,1.894586372419198583e-01
6.882570791602398153e+00,3.826103852177346276e+00,4.950092123119521403e+00,1.784477026870541772e-01
6.906848068075235325e+00,3.720061517806622753e+00,5.138223831845365908e+00,1.809702452005047812e-01
6.929080429749761016e+00,3.613323801581649786e+00,5.314767350458978079e+00,1.858448038672648184e-01
6.949164353107549985e+00,3.506052621366623878e+00,5.479677302472683920e+00,1.916839129683552967e-01
6.966996314630173437e+00,3.398409895025764182e+00,5.632430146742179566e+00,1.985264906897769854e-01
6.982472790799203466e+00,3.290557540423281413e+00,5.772147695384370891e+00,2.064218804772149085e-01
6.995490258096214831e+00,3.182657475423387616e+00,5.810468857563116707e+00,2.154290864991480203e-01
7.005945193002776072e+00,3.074871617890302389e+00,5.703786763738461829e+00,2.256158310852988957e-01
7.013734072000463726e+00,2.967361885688220902e+00,5.595574156498918761e+00,2.370572759643141958e-01
7.018753371570847222e+00,2.860290196681363195e+00,5.485845803011018873e+00,2.498342129468991701e-01
7.020899568195500429e+00,2.753818468733940428e+00,5.374607355196188152e+00,2.640304843398509349e-01
7.020069138355997218e+00,2.648108619710163758e+00,5.261853327271227343e+00,2.797293407111594021e-01
7.016158558533906131e+00,2.543322567474253670e+00,5.147564611283033109e+00,2.970083882917904927e-01
7.009064305210802814e+00,2.439622229890405336e+00,5.031705452921939603e+00,3.159327295125983204e-01
6.998682854868259362e+00,2.337169524822837907e+00,4.915197561573964258e+00,3.365458741770604445e-01
6.984910683987846980e+00,2.236126370135762542e+00,4.801215301586367445e+00,3.588580217248432680e-01
6.967644269051138650e+00,2.136654683693391288e+00,4.690419766423926440e+00,3.828314255906006269e-01
6.946780086539710020e+00,2.038916383359943740e+00,4.583528330366592130e+00,4.083628007470591625e-01
6.922214612935127853e+00,1.943073386999615293e+00,4.481320132564397873e+00,4.352631864437055409e-01
6.893844324718967798e+00,1.849287612476625764e+00,4.384643034951591467e+00,4.632363854822252880e-01
6.861565698372801947e+00,1.757720977655186312e+00,4.294425080823039309e+00,4.918580955349351469e-01
6.825275210378203283e+00,1.668535400399508983e+00,4.211698773777222904e+00,5.205590768887741193e-01
6.784869337216747454e+00,1.581892798573810488e+00,4.137662669834639928e+00,5.486169785060255322e-01
6.740244555369999446e+00,1.497955090042290882e+00,4.073863991804315354e+00,5.751623948347268644e-01
6.691297341319534908e+00,1.416884192669167097e+00,4.024174832717697825e+00,5.978467814326229313e-01
6.637924171546927710e+00,1.338842024318651625e+00,4.016875411234503979e+00,6.068235164855151353e-01
6.580060675859406238e+00,1.263961538880600033e+00,4.029951574408115356e+00,5.929753483623595445e-01
6.517855544117600708e+00,1.192218077428608858e+00,4.087632382137942777e+00,5.634743996768539764e-01
6.451529588610300792e+00,1.123533627914272026e+00,4.164272704137466974e+00,5.296271952765237989e-01
6.381303678978736293e+00,1.057830135862296128e+00,4.253217820888597345e+00,4.950929401152083797e-01
6.307398684864137905e+00,9.950295467973832020e-01,4.351991796077145480e+00,4.608128783969469566e-01
6.230035475907729214e+00,9.350538062442343978e-01,4.458884471030185814e+00,4.274990261010865322e-01
6.149434921750745353e+00,8.778248597275559728e-01,4.572550830267328337e+00,3.956541686302145755e-01
6.065817892034401915e+00,8.232646527720409724e-01,4.691863851498813354e+00,3.656021127764747525e-01
5.979405256399931368e+00,7.712951309023955426e-01,4.815849284093874694e+00,3.375222714418669168e-01
5.890417884488561739e+00,7.218382396433213888e-01,4.943651851485758364e+00,3.114833382131142470e-01
5.799076645941521058e+00,6.748159245195214373e-01,5.074514903261897913e+00,2.874731142024804509e-01
5.705602410400033797e+00,6.301501310556945068e-01,5.207766386460536800e+00,2.654232501690074741e-01
5.610216047505330650e+00,5.877628047765451891e-01,5.342808104566723060e+00,2.452287597264303787e-01
5.513138426898634314e+00,5.475758912067721917e-01,5.479106909508968393e+00,2.267627644306293710e-01
5.414590418221173707e+00,5.095113358710785523e-01,5.616187197282574317e+00,2.098871969787043379e-01
5.314792891114181295e+00,4.734910842941675302e-01,5.753624392604272053e+00,1.944602443288438176e-01
5.213966715218876224e+00,4.394370820007380551e-01,5.891039251675082689e+00,1.803412540896470739e-01
5.112332760176492741e+00,4.072712745154943859e-01,6.028092873468565038e+00,1.673937179654112206e-01
5.010111895628250878e+00,3.769156073631357295e-01,6.164482336013938024e+00,1.554868225519730474e-01
4.907524991215382215e+00,3.482920260683649571e-01,6.299937139632730165e+00,1.444973333975406171e-01
4.804792916579117446e+00,3.213224761558848841e-01,6.434293315160803495e+00,1.347551159131862020e-01
4.702136360970222917e+00,2.959289196385045395e-01,6.567055144265720124e+00,1.275384490471869470e-01
4.599716095494504664e+00,2.720387951877099031e-01,6.696657633234851303e+00,1.231603771604113801e-01
4.497546559113836828e+00,2.495929165753878742e-01,6.822236254766437469e+00,1.199487962885781023e-01
4.395620269998593344e+00,2.285341011850710868e-01,6.944321989822159757e+00,1.166574807050242690e-01
4.293929746319154361e+00,2.088051664002919805e-01,7.063408399316742248e+00,1.131428103860901285e-01
4.192467506245884934e+00,1.903489296045809687e-01,7.179920622275625774e+00,1.094160700814167941e-01
4.091226067949166101e+00,1.731082081814712959e-01,7.294249430063291406e+00,1.054888549682273247e-01
3.990197949599363803e+00,1.570258195144934033e-01,7.406751126428575027e+00,1.013729289210035384e-01
3.889375669366855970e+00,1.420445809871797582e-01,7.517747469935781801e+00,9.708009345039948779e-02
3.788751745422019201e+00,1.281073099830627171e-01,7.627525742383955532e+00,9.262206908754953838e-02
3.688318695935220326e+00,1.151568238856730264e-01,7.736339031241543651e+00,8.801039052845183175e-02
3.588069039076839051e+00,1.031359400785434033e-01,7.844406746556646048e+00,8.325631641236282132e-02
3.487995293017243981e+00,9.198747594520481630e-02,7.951915356792696343e+00,7.837075420288507066e-02
3.388089975926809938e+00,8.165424886918959402e-02,8.059019303081983665e+00,7.336420027903282903e-02
3.288345605975915298e+00,7.207907623402980135e-02,8.165842036898526501e+00,6.824669503242261626e-02
3.188754701334926001e+00,6.320477542325654563e-02,8.272477120352155211e+00,6.302779250879161910e-02
3.089309780174223086e+00,5.497416382040228033e-02,8.378989329342298120e+00,5.771654392654147758e-02
2.990003360664173382e+00,4.733005880899825157e-02,8.485415704558574745e+00,5.232149425008491422e-02
2.890827960975153488e+00,4.021527777257656588e-02,8.591766502964192753e+00,4.685069088634576107e-02
2.791776099277540890e+00,3.357263809466925347e-02,8.698026010051563617e+00,4.131170350361208082e-02
2.692840293741701529e+00,2.734495715880765759e-02,8.804153180556802738e+00,3.571165393667174309e-02
2.594013062538016889e+00,2.147505234852400274e-02,8.910082080995355369e+00,3.005725513326347464e-02
2.495286923836852466e+00,1.590574104734970157e-02,9.015722111309299791e+00,2.435485810824178712e-02
2.396654395808586635e+00,1.057984063881677386e-02,9.120957984272443753e+00,1.861050589606817046e-02
2.298107996623595106e+00,5.440168506457204733e-03,9.225649439799180840e+00,1.282999352330428146e-02
2.199640244452245597e+00,4.295420338024259072e-04,9.329630666788228055e+00,7.018933055078770307e-03
2.101243657464917813e+00,-4.509221395615384959e-03,9.432709395845796152e+00,1.182822797621868767e-03
2.002910753831979029e+00,-9.433304398264773585e-03,9.534665611559461240e+00,4.672880240929273843e-03
1.904634051723806287e+00,-1.439988959061376181e-02,9.635249811369748230e+00,1.054268552103988094e-02
1.806406069310776408e+00,-1.946615958913034891e-02,9.734180703483062302e+00,1.642099266924708367e-02
1.708219324763255997e+00,-2.468929701028310664e-02,9.831142182426173548e+00,2.230201462049340860e-02
1.610066336251625652e+00,-3.012648447053984171e-02,9.925779337740937791e+00,2.817970116250582274e-02
1.511939621946251977e+00,-3.583490458636912762e-02,1.001769311592038925e+01,3.404766389557133122e-02
1.413831700017512016e+00,-4.187173997423897925e-02,1.010643302849687331e+01,3.989910369304685428e-02
1.315735088635783034e+00,-4.829417325061734212e-02,1.019148689869531665e+01,4.572674183338985843e-02
1.217642305971431416e+00,-5.515938703197287990e-02,1.027226504985037892e+01,5.151937667618993605e-02
1.119545870194837978e+00,-6.252456393477329177e-02,1.034792465325473465e+01,5.673870808974019325e-02
1.021438315228736515e+00,-7.044675433146063703e-02,1.041830566042218820e+01,5.977013853586125164e-02
9.233146342979221544e-01,-7.896236230103625964e-02,1.048640239670502794e+01,5.993827833300045121e-02
8.251749279276103799e-01,-8.806491519526499223e-02,1.055478780391571192e+01,5.874496241595651702e-02
7.270199324315935741e-01,-9.774260280368257670e-02,1.062335239564236922e+01,5.741933432389033365e-02
6.288503841236788849e-01,-1.079836149158225900e-01,1.069205546251859040e+01,5.609735016984063183e-02
5.306670193176569184e-01,-1.187761413212211348e-01,1.076090785446910836e+01,5.477947600002531364e-02
4.324705743273313807e-01,-1.301083718094120933e-01,1.082991883146809364e+01,5.346613535968029740e-02
3.342617854665050348e-01,-1.419684961699303472e-01,1.089909616326274744e+01,5.215771062067143388e-02
2.360413890489709843e-01,-1.543447041923110552e-01,1.096844622294132066e+01,5.085454434093854281e-02
1.378101213885339071e-01,-1.672251856660886826e-01,1.103797407436635503e+01,4.955694064646828240e-02
3.956871879898685856e-02,-1.805981303807984162e-01,1.110768355356849924e+01,4.826516662750779396e-02
-5.868208240586728769e-02,-1.944517281259748320e-01,1.117757734422481342e+01,4.697945374132254936e-02
-1.569415459122256440e-01,-2.087741686911523675e-01,1.124765704738234007e+01,4.569999921463575171e-02
-2.552089354062952453e-01,-2.235536418658665703e-01,1.131792324560586849e+01,4.442696743959231864e-02
-3.534835145742712958e-01,-2.387783374396514890e-01,1.138837556174783749e+01,4.316049135751785781e-02
-4.517645471023607473e-01,-2.544364452020426715e-01,1.145901271253679710e+01,4.190067382570406007e-02
-5.500512966767608924e-01,-2.705161549425746381e-01,1.152983255719539812e+01,4.064758896285829148e-02
-6.483430269836686355e-01,-2.870056564507814656e-01,1.160083214129631379e+01,3.940128346947485705e-02
-7.466390017092916498e-01,-3.038931395161991178e-01,1.167200773605155462e+01,3.816177791990047613e-02
-8.449384845398235644e-01,-3.211667939283613937e-01,1.174335487323717153e+01,3.692906802336912847e-02
-9.432407391614729963e-01,-3.388148094768040353e-01,1.181486837591991446e+01,3.570312585177184278e-02
-1.041545029260436017e+00,-3.568253759510614520e-01,1.188654238516621398e+01,3.448390103226135067e-02
-1.139850618522910697e+00,-3.751866831406676650e-01,1.195837038285383258e+01,3.327132190334687600e-02
-1.238156770635104209e+00,-3.938869208351589157e-01,1.203034521068065743e+01,3.206529663335758173e-02
-1.336462749283209961e+00,-4.129142788240685036e-01,1.210245908535421400e+01,3.086571430052890974e-02
-1.434767818153436680e+00,-4.322569468969326145e-01,1.217470360972240329e+01,2.967244593427849006e-02
-1.533071240931980661e+00,-4.519031148432854916e-01,1.224706977893215054e+01,2.848534551749251631e-02
-1.631372281305039307e+00,-4.718409724526611559e-01,1.231954797832374560e+01,2.730425094996581994e-02
-1.729670202958820235e+00,-4.920587095145959045e-01,1.239212795812342449e+01,2.612898497328010675e-02
-1.827964269579517742e+00,-5.125445158186229255e-01,1.246479866954767779e+01,2.495935605757016937e-02
-1.926253744853339001e+00,-5.332865811542786272e-01,1.253445889525728241e+01,2.379515925093548395e-02
-2.024537892466481193e+00,-5.542730953110969194e-01,1.248880419535069208e+01,2.263617699239476103e-02
-2.122815976105141722e+00,-5.754922480786119898e-01,1.244296129634212100e+01,2.148217988922692182e-02
-2.221087259455527541e+00,-5.969322292463603574e-01,1.239692954080071807e+01,2.033292746001788553e-02
-2.319351006203833165e+00,-6.185812286038747665e-01,1.235070816219452539e+01,1.918816884454068242e-02
-2.417606480036266881e+00,-6.404274359406920691e-01,1.230429637824401823e+01,1.804764348168858695e-02
-2.515852944639024535e+00,-6.624590410463458978e-01,1.225769340653904038e+01,1.691108175710961253e-02
-2.614089663698304200e+00,-6.846642337103706621e-01,1.221089846791062783e+01,1.577820562191166454e-02
-2.712315900900312826e+00,-7.070312037223023260e-01,1.216391078658605807e+01,1.464872918399064833e-02
-2.810530919931244487e+00,-7.295481408716741889e-01,1.211672958922320120e+01,1.352235927356480565e-02
-2.908733984477307466e+00,-7.522032349480229918e-01,1.206935410346849658e+01,1.239879598462977940e-02
-3.006924358224697613e+00,-7.749846757408824782e-01,1.202178355627572692e+01,1.127773319408627122e-02
-3.105101304859612998e+00,-7.978806530397866137e-01,1.197401717208423300e+01,1.015885906016038287e-02
-3.203264088068261906e+00,-8.208793566342719172e-01,1.192605417090126174e+01,9.041856501942410404e-03
-3.301411971536837964e+00,-8.439689763138714662e-01,1.187789376630960625e+01,7.926403661818579374e-03
-3.399544218951547236e+00,-8.671377018681217796e-01,1.182953516341128086e+01,6.812174352703989112e-03
-3.497660093998588238e+00,-8.903737230865567120e-01,1.178097755671433866e+01,5.698838491858373816e-03
-3.595758860364157261e+00,-9.136652297587104510e-01,1.173222012796137292e+01,4.586062523110802196e-03
-3.693839781734463923e+00,-9.370004116741192934e-01,1.168326204390325884e+01,3.473509829493594964e-03
-3.791902121795700076e+00,-9.603674586223163168e-01,1.163410245403584398e+01,2.360841137983809949e-03
-3.889945144234073116e+00,-9.837545603928383731e-01,1.158474048829152991e+01,1.247714918607206389e-03
-3.987968112735782444e+00,-1.007149906775218762e+00,1.153517525449476011e+01,1.337877796046137602e-04
-4.085970290987023468e+00,-1.030541687558992114e+00,1.148540583570698814e+01,9.812851395569702900e-04
-4.183950942674004025e+00,-1.053918092533694617e+00,1.143543128752363813e+01,2.097849774786385377e-03
-4.281909331482919079e+00,-1.077267311488859347e+00,1.138525063551674243e+01,3.216252742138132805e-03
-4.379844721099972915e+00,-1.100577534214022712e+00,1.133486287275281157e+01,4.336840938534721954e-03
-4.477756375211368045e+00,-1.123836950498718901e+00,1.128426695696814441e+01,5.459961136310663432e-03
-4.575643557503296321e+00,-1.147033750132481877e+00,1.123346180787321558e+01,6.585740785603737962e-03
-4.673505531661970025e+00,-1.170156122904847829e+00,1.118244633858067338e+01,7.686311504250781246e-03
-4.771341569757906242e+00,-1.193192269686460305e+00,1.113121932349740817e+01,8.678596291078472316e-03
-4.869152014738541645e+00,-1.216131806667923199e+00,1.107977877948817635e+01,9.528151399907178881e-03
-4.966939320385371559e+00,-1.238967139814822982e+00,1.102812163402667522e+01,1.031093582041201634e-02
-5.064706187389003134e+00,-1.261691001419133817e+00,1.097624421940984973e+01,1.108854678364529049e-02
-5.162455316440051512e+00,-1.284296123772832532e+00,1.092414281132945142e+01,1.186738241078466247e-02
-5.260189408229121177e+00,-1.306775239167894176e+00,1.087181359795894409e+01,1.264735776181267687e-02
-5.357911163446828162e+00,-1.329121079896295132e+00,1.081925266478582692e+01,1.342838427169709692e-02
-5.455623282783781391e+00,-1.351326378250010896e+00,1.076645599033175849e+01,1.421036954119001515e-02
-5.553328466930584462e+00,-1.373383866521015850e+00,1.071341944169749105e+01,1.499321712848618489e-02
-5.651029416577856956e+00,-1.395286277001287489e+00,1.066013876992324860e+01,1.577682634224838315e-02
-5.748728832416199808e+00,-1.417026341982799753e+00,1.060660960515465767e+01,1.656109203649429665e-02
-5.846429415136230823e+00,-1.438596793757529690e+00,1.055282745160359070e+01,1.734590440766455022e-02
-5.944133865428557151e+00,-1.459990364617452796e+00,1.049878768229265091e+01,1.813114879438492907e-02
-6.041844883983783276e+00,-1.481199786854543010e+00,1.044448553357118925e+01,1.891670548033106553e-02
-6.139565171492528783e+00,-1.502217792760778270e+00,1.038991609938995708e+01,1.970244950081123658e-02
-6.237297428645396380e+00,-1.523037114628132294e+00,1.033507432532055326e+01,2.048825045355967545e-02
-6.335044356133001209e+00,-1.543650484748582574e+00,1.027995500230491466e+01,2.127397231422477331e-02
-6.432808654645951307e+00,-1.564050635414103718e+00,1.022455276011897318e+01,2.205947325715839138e-02
-6.530593024874852937e+00,-1.584230298916670776e+00,1.016886206053348829e+01,2.284460548223801041e-02
-6.628400167510323904e+00,-1.604182207548260797e+00,1.011287719015385278e+01,2.362921504827341160e-02
-6.726232783242965141e+00,-1.623899093600847721e+00,1.005659225291923065e+01,2.441314171358969359e-02
-6.824093572763396232e+00,-1.643373689366409041e+00,1.000000116224004643e+01,2.519621878463950554e-02
-6.921985236762220772e+00,-1.662598727136919585e+00,9.943097632751094039e+00,2.597827297324122042e-02
-7.019910475930047689e+00,-1.681566939204354405e+00,9.885875171655928995e+00,2.675912426315610673e-02
-7.117871990957493900e+00,-1.700271057860690327e+00,9.828327069636225488e+00,2.753858578692227471e-02
-7.215872482535163890e+00,-1.718703815397901735e+00,9.770446391297729960e+00,2.831646371374049037e-02
-7.313914651353665697e+00,-1.736857944107965013e+00,9.712225965122168958e+00,2.909255714890856062e-02
-7.412001198103617128e+00,-1.754726176282855654e+00,9.653658372892005346e+00,2.986665804585909856e-02
-7.510134823475621779e+00,-1.772301244214549154e+00,9.594735938552190646e+00,3.063855113198898916e-02
-7.608318228160292129e+00,-1.789575880195022117e+00,9.535450716470101895e+00,3.140801384832588722e-02
-7.706554112848240656e+00,-1.806542816516248928e+00,9.475794479051561581e+00,3.217481630446183266e-02
-7.804845178230070069e+00,-1.823194785470205304e+00,9.415758703667291840e+00,3.293872124988508204e-02
-7.903194124996397285e+00,-1.839524519348867848e+00,9.355334558840084469e+00,3.369948406177047939e-02
-8.001603653837827679e+00,-1.855524750444211168e+00,9.294512889638747666e+00,3.445685275065406977e-02
-8.100076465444976392e+00,-1.871188211048211425e+00,9.233284202219973480e+00,3.521056798499652002e-02
-8.198615260508452351e+00,-1.886507633452844779e+00,9.171638647454003035e+00,3.596036313521536881e-02
-8.297222739718856488e+00,-1.901475749950085836e+00,9.109566003564069092e+00,3.670596433781444373e-02
-8.395901603766812826e+00,-1.916085292831910758e+00,9.047055657703090503e+00,3.744709058098599080e-02
-8.494654553342922298e+00,-1.930328994390295039e+00,8.984096586383865102e+00,3.818345381241226855e-02
-8.593484289137800047e+00,-1.944199586917214617e+00,8.920677334671024639e+00,3.891475906957758690e-02
-8.692393511842052334e+00,-1.957689802704645432e+00,8.856785994033989695e+00,3.964070463369933489e-02
-8.791384922146285419e+00,-1.970792374044561424e+00,8.792410178750349914e+00,4.036098220801331155e-02
-8.890461220741119774e+00,-1.983500033228940751e+00,8.727537000737898509e+00,4.107527712108167278e-02
-8.989625108317156332e+00,-1.995805512549757132e+00,8.662153042681216775e+00,4.178326855535518386e-02
-9.088879285565012012e+00,-2.007701544298986729e+00,8.596244329304759901e+00,4.248462980198172007e-02
-9.188226453175296626e+00,-2.019180860768605701e+00,8.529796296628907371e+00,4.317902854230285664e-02
-9.287669311838609332e+00,-2.030236194250588877e+00,8.462793759027880114e+00,4.386612715597377338e-02
-9.387210562245570600e+00,-2.040860277036912862e+00,8.395220873888783686e+00,4.454558305630745146e-02
-9.486852905086788468e+00,-2.051045841419551596e+00,8.327061103648841112e+00,4.521704905346806552e-02
-9.586599041052872749e+00,-2.060785619690483461e+00,8.258297174962830667e+00,4.588017374508256141e-02
-9.686451670834435035e+00,-2.070072344141681953e+00,8.188911034724261739e+00,4.653460193397005590e-02
-9.786413495122079809e+00,-2.078898747065122343e+00,8.118883802631780000e+00,4.717997507415042785e-02
-9.886487214606422214e+00,-2.087257560752782570e+00,8.048195719955538507e+00,4.781593174374436372e-02
-9.986675529978072063e+00,-2.095141517496635686e+00,7.976826094116672650e+00,4.844210814456053477e-02
-1.008698114192763562e+01,-2.102543349588659183e+00,7.904753238645320756e+00,4.905813862885466392e-02
-1.018740675114572447e+01,-2.109455789320828334e+00,7.831954408028124703e+00,4.966365625128678352e-02
-1.028795505832295198e+01,-2.115871568985117968e+00,7.758405726893569998e+00,5.025829334633546974e-02
-1.038862876414992620e+01,-2.121783420873505133e+00,7.684082112911514884e+00,5.084168213009180454e-02
-1.048943056931725692e+01,-2.127184077277963770e+00,7.608957192700191996e+00,5.141345532491446713e-02
-1.059036317451555043e+01,-2.132066270490470927e+00,7.533003209937844780e+00,5.197324680643950617e-02
-1.069142928043542184e+01,-2.136422732803001434e+00,7.456190924764667827e+00,5.252069227107148547e-02
-1.079263158776748099e+01,-2.140246196507531451e+00,7.378489503430953000e+00,5.305542992278627218e-02
-1.089397279720233769e+01,-2.143529393896036250e+00,7.299866396995800422e+00,5.357710117751891127e-02
-1.099545560943059819e+01,-2.146265057260491549e+00,7.220287207703322885e+00,5.408535138325561153e-02
-1.109708272514287586e+01,-2.148445918892873063e+00,7.139715541454690673e+00,5.457983055405091904e-02
-1.119885684502978052e+01,-2.150064711085156510e+00,7.058112796796132571e+00,5.509212012663197017e-02
-1.130078066978192020e+01,-2.151114166129317606e+00,6.975436365395180083e+00,5.691465790108354156e-02
-1.140285619991087174e+01,-2.151585682103433150e+00,6.891646965132686375e+00,6.293946739261414847e-02
-1.150505779620080382e+01,-2.151417988687261307e+00,6.806719860061025251e+00,7.368629874434452776e-02
-1.160732366941138416e+01,-2.150480930514663935e+00,6.720648289358924110e+00,8.643078616078107845e-02
-1.170958958952775220e+01,-2.148639701244387634e+00,6.633438387884708298e+00,9.946921087641043269e-02
-1.181179132653505626e+01,-2.145759494535179446e+00,6.545090378886491145e+00,1.127397364737361268e-01
-1.191386465041844822e+01,-2.141705504045785080e+00,6.455599889958881121e+00,1.262856014744690725e-01
-1.201574533116306753e+01,-2.136342923434952024e+00,6.364957383084020925e+00,1.401424422890474031e-01
-1.211736913875406252e+01,-2.129536946361426430e+00,6.273147211772977627e+00,1.543368681731039083e-01
-1.221867184317657973e+01,-2.121152766483955343e+00,6.180146556475516029e+00,1.688847103173025110e-01
-1.231958921441576749e+01,-2.111055577461284916e+00,6.085924220615727798e+00,1.837889404678558491e-01
-1.242005702245677234e+01,-2.099110572952161746e+00,5.990439267387042577e+00,1.990372759839622585e-01
-1.252001103728473730e+01,-2.085182946615331989e+00,5.893639474759338803e+00,2.145995193548032864e-01
-1.261938702888481068e+01,-2.069137892109543575e+00,5.795459582836036461e+00,2.304247225396368892e-01
-1.271812076724213902e+01,-2.050840603093541770e+00,5.695819303480508466e+00,2.464383207852867685e-01
-1.281614802234186890e+01,-2.030156273226074060e+00,5.596820196955782478e+00,2.625394458517069096e-01
-1.291340456416914684e+01,-2.006950096165886599e+00,5.502300336132148750e+00,2.785987011815104775e-01
-1.300982616270911763e+01,-1.981087265571725764e+00,5.412437592124889285e+00,2.944567540673545536e-01
-1.310534858794693136e+01,-1.952432975102338597e+00,5.327300685789377432e+00,3.099241602624344671e-01
-1.319990760986772749e+01,-1.920852418416471918e+00,5.246776504788357443e+00,3.247828679267918406e-01
-1.329343899845665966e+01,-1.886210789172871660e+00,5.170454660705569694e+00,3.387898298566708322e-01
-1.338587852369887266e+01,-1.848373281030283977e+00,5.097453412396477646e+00,3.516821866893294901e-01
-1.347716195557951124e+01,-1.807205087647457020e+00,5.026238374348296567e+00,3.630639199692988206e-01
-1.356722476154896562e+01,-1.762571571002897963e+00,4.954105392659418072e+00,3.729878797652584344e-01
-1.365593531826768015e+01,-1.714375420045257448e+00,4.878616180825245507e+00,3.831026457247761474e-01
-1.374301083691586634e+01,-1.662603426911892557e+00,4.800131063138709742e+00,3.949889198836121218e-01
-1.382814784409968745e+01,-1.607253891914051103e+00,4.719966872746876874e+00,4.088167164460865255e-01
-1.391104286642531740e+01,-1.548325115362986670e+00,4.639305689371526320e+00,4.244296403083098190e-01
-1.399139243049893011e+01,-1.485815397569948182e+00,4.559287734658675539e+00,4.416321662690620431e-01
-1.406889306292669239e+01,-1.419723038846186558e+00,4.481040097216919982e+00,4.601657326509944190e-01
-1.414324129031477995e+01,-1.350046339502951831e+00,4.405692233387057399e+00,4.796901908509015322e-01
-1.421413363926936313e+01,-1.276783599851493145e+00,4.334382954363183771e+00,4.997669641026623033e-01
-1.428126663639660876e+01,-1.199933120203063641e+00,4.268257247310041969e+00,5.198466663107441654e-01
-1.434433680830269076e+01,-1.119493200868912242e+00,4.208445642526773334e+00,5.392648855689736731e-01
-1.440304068159377948e+01,-1.035462142160289867e+00,4.155998797031523750e+00,5.572504559800839363e-01
-1.445707478287604708e+01,-9.478382443884462161e-01,4.111653951798665219e+00,5.729503770045905053e-01
-1.450613563875566392e+01,-8.566198078646307668e-01,4.074886628193802984e+00,5.853955992893429272e-01
-1.454991977583880391e+01,-7.618051329000968819e-01,4.064165065247816955e+00,5.890223685331988923e-01
-1.458812603613068326e+01,-6.633954798144511278e-01,4.074281070855047204e+00,5.735674215216388649e-01
-1.462059748073579613e+01,-5.615764787614071496e-01,4.137311035037305018e+00,5.411268100868823483e-01
-1.464740380943608500e+01,-4.568234949961935687e-01,4.227496792425148975e+00,5.061210233669655167e-01
-1.466863458457784652e+01,-3.496372860952503547e-01,4.327694270882504135e+00,4.762263268015891060e-01
-1.468437936850737202e+01,-2.405186096350219738e-01,4.431184559950305690e+00,4.518315073055452769e-01
-1.469472772357095636e+01,-1.299682231919470632e-01,4.533639386608092181e+00,4.327077470798516567e-01
-1.469976921211489440e+01,-1.848688434246753554e-02,4.631468954142146544e+00,4.186372024862045627e-01
-1.469959339648547569e+01,9.342464933697586238e-02,4.721175029633618792e+00,4.094549380747576350e-01
-1.469428983902899688e+01,2.052656202699443821e-01,4.777840054208198239e+00,4.050768691616671302e-01
-1.468394810209175283e+01,3.165352708799923365e-01,4.690235346857789978e+00,4.055194778617928764e-01
-1.466865774802003308e+01,4.267328435906811990e-01,4.585241727147880475e+00,4.109152861359199327e-01
-1.464850833916013428e+01,5.353575808255697233e-01,4.466868173261189234e+00,4.215264924106039146e-01
-1.462358943785834775e+01,6.419087250082167184e-01,4.338095122509686874e+00,4.377576776381475465e-01
-1.459399060646096657e+01,7.458855185621829920e-01,4.201371500445055140e+00,4.601667786532908644e-01
-1.455980140731428918e+01,8.467872039110240223e-01,4.058878204742651263e+00,4.894711848602932291e-01
-1.452111140276460333e+01,9.441130234783001729e-01,3.912704533793379458e+00,5.265422468512418464e-01
-1.447801015515820566e+01,1.037362219687570697e+00,3.764995135934055437e+00,5.723759395356050605e-01
-1.443058722684139106e+01,1.126034034962396069e+00,3.618103793725328643e+00,6.280191453506126509e-01
-1.437893218016045083e+01,1.209627711726331656e+00,3.474798327457591540e+00,6.944198684553309908e-01
-1.432313457746167629e+01,1.287642492402938599e+00,3.338612545859670266e+00,7.721577035145509305e-01
-1.426328398109136586e+01,1.359577619415775374e+00,3.214665404037917895e+00,8.609467026215393837e-01
-1.419946995339581264e+01,1.424932335188401344e+00,3.114910672396458580e+00,9.524737179000608567e-01
-1.413178230956027903e+01,1.483208604979264322e+00,3.061113669929505843e+00,1.018162787065819197e+00
-1.406033581529858267e+01,1.534177087472147427e+00,3.056182880310044148e+00,1.031720529212611259e+00
-1.398529092150030984e+01,1.578100427175581189e+00,3.093521802386734354e+00,1.002243645589049992e+00
-1.390681296069688599e+01,1.615293839230542705e+00,3.150906931515581100e+00,9.483054683550300457e-01
-1.382506726541973485e+01,1.646072538778009964e+00,3.230527846661819247e+00,8.780224873564095311e-01
-1.374021916820027300e+01,1.670751740958960507e+00,3.330499549402150539e+00,7.983588345316099399e-01
-1.365243400156993125e+01,1.689646660914370768e+00,3.448304494556393429e+00,7.154437196694091172e-01
-1.356187709806012798e+01,1.703072513785220066e+00,3.581388225475102161e+00,6.339402334718879928e-01
-1.346871379020228687e+01,1.711344514712484610e+00,3.727335550951786480e+00,5.569364772611479220e-01
-1.337310941052782809e+01,1.714777878837141945e+00,3.883947760278489092e+00,4.861578888660484377e-01
-1.327522929156817888e+01,1.713687821300170722e+00,4.049271433372828355e+00,4.223051753358975646e-01
-1.317523876585475939e+01,1.708389557242547596e+00,4.221598566018760934e+00,3.653897958246676292e-01
-1.307330316591899688e+01,1.699198301805250111e+00,4.399450165036226323e+00,3.150074433207045166e-01
-1.296958782429230617e+01,1.686429270129256253e+00,4.581551372653263066e+00,2.705355809028380798e-01
-1.286425807350611628e+01,1.670397677355543120e+00,4.766803180206427903e+00,2.312636441280662425e-01
-1.275747924609184736e+01,1.651418738625088256e+00,4.954253595984436487e+00,1.964718842979942259e-01
-1.264941667458092311e+01,1.629807669078869647e+00,5.143069608672127480e+00,1.654745208202173801e-01
-1.254023569150476547e+01,1.605879683857864393e+00,5.332510270552627496e+00,1.376397236414781677e-01
-1.243010162939479990e+01,1.579949998103050479e+00,5.521900544557676760e+00,1.123953983269643658e-01
-1.231917982078244655e+01,1.552333826955404783e+00,5.710605068443764587e+00,8.922675558183454370e-02
-1.220763559819913091e+01,1.523346385555905513e+00,5.898000557396025911e+00,6.766943121470586631e-02
-1.209563429417627134e+01,1.493302889045529769e+00,6.083445078672867545e+00,4.730039859477356418e-02
-1.198334124124529332e+01,1.462518552565255314e+00,6.266241748382096688e+00,2.772791787847450271e-02
-1.187092177193762055e+01,1.431308591256059692e+00,6.445593320833240547e+00,8.581136467392449022e-03
-1.175854121878467495e+01,1.399988220258920224e+00,6.620542289036893457e+00,1.050042955267332587e-02
-1.164636491431788023e+01,1.368872654714814674e+00,6.789886403815614813e+00,2.983845311529434441e-02
-1.153455819106865654e+01,1.338277109764720363e+00,6.951952863535708182e+00,4.800979274385948348e-02
-1.142328482484614760e+01,1.308514183923469520e+00,7.105357296182605253e+00,6.099705310037356609e-02
-1.131263985443859355e+01,1.279780938664911494e+00,7.251388303611281394e+00,6.760710683465553927e-02
-1.120262395743866257e+01,1.252115827871578713e+00,7.391626230378755658e+00,5.311480797258930076e-02
-1.109323096806062736e+01,1.225545802691658359e+00,7.525925247479603009e+00,3.618482044855893254e-02
