-5.718019585202370081e+00,2.185474261134345397e+00,1.657749200962933545e+00,-3.139443471800380109e-02,0.000000000000000000e+00,0.000000000000000000e+00
-5.980462735642255723e+00,2.001807679629028058e+00,1.543985277476656259e+00,-5.985808447331225635e-02,0.000000000000000000e+00,0.000000000000000000e+00
-6.225898119024043886e+00,1.837907478165297981e+00,1.500000000000000000e+00,-1.153114856948889849e-01,0.000000000000000000e+00,0.000000000000000000e+00
-6.452884889344246311e+00,1.697849738988630897e+00,1.500000000000000000e+00,-1.690813223173738833e-01,0.000000000000000000e+00,0.000000000000000000e+00
-6.661803369266010577e+00,1.579919078974092894e+00,1.500000000000000000e+00,-2.358091281438629006e-01,0.000000000000000000e+00,0.000000000000000000e+00
-6.859476996228691448e+00,1.483262898934414764e+00,1.500000000000000000e+00,-2.664573320401457113e-01,0.000000000000000000e+00,0.000000000000000000e+00
-7.052610358851444161e+00,1.402089462456421742e+00,1.500000000000000000e+00,-2.453989137184655611e-01,0.000000000000000000e+00,0.000000000000000000e+00
-7.248186254382567029e+00,1.330782072637163083e+00,1.500000000000000000e+00,-2.182180202696552274e-01,0.000000000000000000e+00,0.000000000000000000e+00
-7.452448278848960328e+00,1.266675447239551389e+00,1.500000000000000000e+00,-1.870986741745682691e-01,0.000000000000000000e+00,0.000000000000000000e+00
-7.668544183154983429e+00,1.208640449084860791e+00,1.500000000000000000e+00,-1.576479232907932460e-01,0.000000000000000000e+00,0.000000000000000000e+00
-7.896584040711307040e+00,1.155724514608657216e+00,1.500000000000000000e+00,-1.379875207714787444e-01,0.000000000000000000e+00,0.000000000000000000e+00
-8.135229274138932709e+00,1.108978732246209020e+00,1.500000000000000000e+00,-1.222105968374032625e-01,0.000000000000000000e+00,0.000000000000000000e+00
-8.381241159677431440e+00,1.068252234354163832e+00,1.500000000000000000e+00,-1.169926542007459491e-01,0.000000000000000000e+00,0.000000000000000000e+00
-8.630733478075203635e+00,1.034236000471536521e+00,1.500000000000000000e+00,-1.268021508677267817e-01,0.000000000000000000e+00,0.000000000000000000e+00
-8.879905131819853636e+00,1.008377609294638155e+00,1.500000000000000000e+00,-1.399318343790489361e-01,0.000000000000000000e+00,0.000000000000000000e+00
-9.126331971364363582e+00,9.916976249511595398e-01,1.500000000000000000e+00,-1.512025769617565685e-01,0.000000000000000000e+00,0.000000000000000000e+00
-9.369183269713719397e+00,9.840588623940842439e-01,1.500000000000000000e+00,-1.640635344391346007e-01,0.000000000000000000e+00,0.000000000000000000e+00
-9.608962632135911619e+00,9.861348617318883569e-01,1.500000000000000000e+00,-1.725129366359869632e-01,0.000000000000000000e+00,0.000000000000000000e+00
-9.846647098053251668e+00,9.980996072090579929e-01,1.500000000000000000e+00,-1.728617228569336028e-01,0.000000000000000000e+00,0.000000000000000000e+00
-1.008227966420702160e+01,1.019677307483732420e+00,1.500000000000000000e+00,-1.728385455967277329e-01,0.000000000000000000e+00,0.000000000000000000e+00
-1.031472379579783016e+01,1.050493252529434152e+00,1.500000000000000000e+00,-1.795439294123452323e-01,0.000000000000000000e+00,0.000000000000000000e+00
-1.054207398608184576e+01,1.090288213920453053e+00,1.500000000000000000e+00,-1.903987065989852789e-01,0.000000000000000000e+00,0.000000000000000000e+00
-1.076402221790564262e+01,1.139311303500209149e+00,1.500000000000000000e+00,-1.919060197765840858e-01,0.000000000000000000e+00,0.000000000000000000e+00
-1.098362349376059655e+01,1.198002916990514422e+00,1.500000000000000000e+00,-1.719126445273491677e-01,0.000000000000000000e+00,0.000000000000000000e+00
-1.120639626553190205e+01,1.267244395573216664e+00,1.500000000000000000e+00,-1.318754476761627714e-01,0.000000000000000000e+00,0.000000000000000000e+00
-1.143547482518723868e+01,1.346646844867554371e+00,1.500000000000000000e+00,-6.561765662257781906e-02,0.000000000000000000e+00,0.000000000000000000e+00
-1.167118493597031303e+01,1.433962989843507785e+00,1.500000000000000000e+00,7.930805617962795708e-04,0.000000000000000000e+00,0.000000000000000000e+00
-1.191053706755414865e+01,1.520613726336256022e+00,1.500000000000000000e+00,4.510651473942066392e-02,0.000000000000000000e+00,0.000000000000000000e+00
-1.214686354745354890e+01,1.604453289361068791e+00,1.500000000000000000e+00,9.396500964396937994e-02,0.000000000000000000e+00,0.000000000000000000e+00
-1.237495180960058150e+01,1.678529595980369216e+00,1.500000000000000000e+00,1.548372402439753548e-01,0.000000000000000000e+00,0.000000000000000000e+00
-1.259187439748676773e+01,1.740634507812133691e+00,1.500000000000000000e+00,2.226069775850832155e-01,0.000000000000000000e+00,0.000000000000000000e+00
-1.279930459137738907e+01,1.789116075515307713e+00,1.500000000000000000e+00,2.732286042395217773e-01,0.000000000000000000e+00,0.000000000000000000e+00
-1.300042719522421564e+01,1.823076651322084185e+00,1.500000000000000000e+00,2.889070231744772510e-01,0.000000000000000000e+00,0.000000000000000000e+00
-1.319382765660051327e+01,1.845263388415011141e+00,1.500000000000000000e+00,3.535136289607666571e-01,0.000000000000000000e+00,0.000000000000000000e+00
-1.337356126308998583e+01,1.854137107162271425e+00,1.500000000000000000e+00,4.914079558531578851e-01,0.000000000000000000e+00,0.000000000000000000e+00
-1.353597780652072480e+01,1.847319245729041715e+00,1.500000000000000000e+00,6.113225468059008127e-01,0.000000000000000000e+00,0.000000000000000000e+00
-1.367378154626833542e+01,1.827228814725530448e+00,1.500000000000000000e+00,6.820754197414046205e-01,0.000000000000000000e+00,0.000000000000000000e+00
-1.379171892612292005e+01,1.801354677686879846e+00,1.500000000000000000e+00,9.253983827022960185e-01,0.000000000000000000e+00,0.000000000000000000e+00
-1.388927818643726297e+01,1.768758903733204768e+00,1.500000000000000000e+00,1.356980105459851149e+00,0.000000000000000000e+00,0.000000000000000000e+00
-1.397303409541751762e+01,1.727777609358005506e+00,1.500000000000000000e+00,1.612134070668514108e+00,0.000000000000000000e+00,0.000000000000000000e+00
-1.404557556934430806e+01,1.678239780422486893e+00,1.500000000000000000e+00,1.747336506950043056e+00,0.000000000000000000e+00,0.000000000000000000e+00
-1.410687016184316711e+01,1.620922628233953500e+00,1.500000000000000000e+00,1.737583140140169125e+00,0.000000000000000000e+00,0.000000000000000000e+00
-1.415717870548356316e+01,1.557824354838220238e+00,1.500000000000000000e+00,1.600802782226744325e+00,0.000000000000000000e+00,0.000000000000000000e+00
-1.419771824586037923e+01,1.491548060562008171e+00,1.500000000000000000e+00,1.362719681519121595e+00,0.000000000000000000e+00,0.000000000000000000e+00
-1.423054877741220281e+01,1.422240927427679047e+00,1.500000000000000000e+00,1.153886581796327304e+00,0.000000000000000000e+00,0.000000000000000000e+00
-1.425614709047295925e+01,1.354033135282855405e+00,1.500000000000000000e+00,1.019907712362566388e+00,0.000000000000000000e+00,0.000000000000000000e+00
-1.427607887652788854e+01,1.286307936603928059e+00,1.500000000000000000e+00,8.289384541544553286e-01,0.000000000000000000e+00,0.000000000000000000e+00
-1.429195421740266347e+01,1.218062792734175614e+00,1.500000000000000000e+00,5.946275037856725287e-01,0.000000000000000000e+00,0.000000000000000000e+00
-1.430652641039018569e+01,1.143295419740249175e+00,1.500000000000000000e+00,5.934396627469991081e-01,0.000000000000000000e+00,0.000000000000000000e+00
-1.431974497611822628e+01,1.058694388895305982e+00,1.500000000000000000e+00,5.851556170151434033e-01,0.000000000000000000e+00,0.000000000000000000e+00
-1.432900210371388638e+01,9.555921254799997211e-01,1.500000000000000000e+00,3.545633649757889416e-01,0.000000000000000000e+00,0.000000000000000000e+00
-1.433498835547384864e+01,8.282213261478773569e-01,1.500000000000000000e+00,1.477238872185629992e-01,0.000000000000000000e+00,0.000000000000000000e+00
-1.433889421921414709e+01,6.715202171259526676e-01,1.500000000000000000e+00,8.193398372522765760e-02,0.000000000000000000e+00,0.000000000000000000e+00
-1.434235620675327105e+01,4.809558173014950033e-01,1.500000000000000000e+00,6.570463444487559257e-02,0.000000000000000000e+00,0.000000000000000000e+00
-1.434161523997207155e+01,2.594236199974457868e-01,1.500000000000000000e+00,4.388362194504297903e-02,0.000000000000000000e+00,0.000000000000000000e+00
-1.433934660489751423e+01,1.533656969883878673e-02,1.500000000000000000e+00,4.578870811746836578e-02,0.000000000000000000e+00,0.000000000000000000e+00
-1.433429578466951071e+01,-2.340285430661233623e-01,1.500000000000000000e+00,9.301925614361346295e-02,0.000000000000000000e+00,0.000000000000000000e+00
-1.432481519775136292e+01,-4.751460396935089370e-01,1.500000000000000000e+00,1.703770120663721244e-01,0.000000000000000000e+00,0.000000000000000000e+00
-1.430555200281756889e+01,-6.942984577978739136e-01,1.500000000000000000e+00,2.450618808896516398e-01,0.000000000000000000e+00,0.000000000000000000e+00
-1.427892001825663293e+01,-8.864982708123749777e-01,1.500000000000000000e+00,3.274003009402757791e-01,0.000000000000000000e+00,0.000000000000000000e+00
-1.424578137643517906e+01,-1.054032579207718090e+00,1.500000000000000000e+00,4.277552287749549209e-01,0.000000000000000000e+00,0.000000000000000000e+00
-1.420412456532807610e+01,-1.206159423014089294e+00,1.500000000000000000e+00,4.597265634407093349e-01,0.000000000000000000e+00,0.000000000000000000e+00
-1.415327541918688503e+01,-1.351316562730600523e+00,1.500000000000000000e+00,4.286478630974167592e-01,0.000000000000000000e+00,0.000000000000000000e+00
-1.409159036735122683e+01,-1.497114287225170148e+00,1.500000000000000000e+00,4.152286709251102881e-01,0.000000000000000000e+00,0.000000000000000000e+00
-1.401851477168144378e+01,-1.642208552590612936e+00,1.500000000000000000e+00,4.261723896375195220e-01,0.000000000000000000e+00,0.000000000000000000e+00
-1.393400027094491911e+01,-1.783799819749827265e+00,1.500000000000000000e+00,4.319577093136831025e-01,0.000000000000000000e+00,0.000000000000000000e+00
-1.383984801156650413e+01,-1.918290559717348298e+00,1.500000000000000000e+00,4.656588528889471501e-01,0.000000000000000000e+00,0.000000000000000000e+00
-1.373959951020943215e+01,-2.041386817249190688e+00,1.500000000000000000e+00,5.543557278682216261e-01,0.000000000000000000e+00,0.000000000000000000e+00
-1.363382073664241112e+01,-2.150122870418925025e+00,1.500000000000000000e+00,6.327796369786047315e-01,0.000000000000000000e+00,0.000000000000000000e+00
-1.352434868058685602e+01,-2.242160031464116798e+00,1.500000000000000000e+00,6.535864975723606474e-01,0.000000000000000000e+00,0.000000000000000000e+00
-1.341282573871591666e+01,-2.320942924518525352e+00,1.500000000000000000e+00,7.307485509706923565e-01,0.000000000000000000e+00,0.000000000000000000e+00
-1.330141556228737976e+01,-2.384422487337054974e+00,1.500000000000000000e+00,8.828951669831761606e-01,0.000000000000000000e+00,0.000000000000000000e+00
-1.319083729919514880e+01,-2.431770620986810183e+00,1.500000000000000000e+00,1.023426173288683572e+00,0.000000000000000000e+00,0.000000000000000000e+00
-1.308575794260626601e+01,-2.462302955206219224e+00,1.500000000000000000e+00,1.244927103668211021e+00,0.000000000000000000e+00,0.000000000000000000e+00
-1.299281401506233280e+01,-2.476737591604778466e+00,1.500000000000000000e+00,1.629403617489855405e+00,0.000000000000000000e+00,0.000000000000000000e+00
-1.291447521416101196e+01,-2.477465023339268768e+00,1.500000000000000000e+00,1.727066308994440247e+00,0.000000000000000000e+00,0.000000000000000000e+00
-1.284163247298450372e+01,-2.469192054036659201e+00,1.500000000000000000e+00,7.049611098581519686e-01,0.000000000000000000e+00,0.000000000000000000e+00
-1.274680317790287809e+01,-2.453186131298425110e+00,1.500000000000000000e+00,-2.711773541331581605e-02,0.000000000000000000e+00,0.000000000000000000e+00
-1.258370360479819894e+01,-2.425743720788295033e+00,1.500000000000000000e+00,-9.423079558057668656e-03,0.000000000000000000e+00,0.000000000000000000e+00
-1.229988537005922211e+01,-2.383749455321874322e+00,1.816489703453265214e+00,1.228305247372945544e-03,0.000000000000000000e+00,0.000000000000000000e+00
-1.184785707715881209e+01,-2.309993012863422734e+00,2.747231328866439615e+00,1.730468816548832870e-03,0.000000000000000000e+00,0.000000000000000000e+00
-1.120285948096823248e+01,-2.211359039465172316e+00,3.746902406972843380e+00,1.048363088011496080e-02,0.000000000000000000e+00,0.000000000000000000e+00
-1.036363561399645228e+01,-2.074479922722098024e+00,4.745172691265509002e+00,7.175762508478672821e-03,0.000000000000000000e+00,0.000000000000000000e+00
-9.336970412609559844e+00,-1.892994825127232161e+00,5.689564154171932842e+00,-7.085070328182196432e-04,0.000000000000000000e+00,0.000000000000000000e+00
-8.133941163719839551e+00,-1.685690167800043326e+00,6.518020842173386065e+00,-1.046046607480972121e-03,0.000000000000000000e+00,0.000000000000000000e+00
-6.783274348568680168e+00,-1.458382570709744641e+00,7.181051347830839759e+00,9.787157686647702994e-04,0.000000000000000000e+00,0.000000000000000000e+00
-5.325505104271869961e+00,-1.205524832506997157e+00,7.631233018367064247e+00,-5.910596332436445942e-04,0.000000000000000000e+00,0.000000000000000000e+00
-3.803537221218026509e+00,-9.428686338606304673e-01,7.799941531961191998e+00,-1.943492100320848856e-03,0.000000000000000000e+00,0.000000000000000000e+00
-2.272663126726644833e+00,-6.885609706014577114e-01,7.718246530556868379e+00,-5.494867665417873647e-04,0.000000000000000000e+00,0.000000000000000000e+00
-7.816292146465038115e-01,-4.391112455920449520e-01,7.399642824672734598e+00,3.905178036022228529e-04,0.000000000000000000e+00,0.000000000000000000e+00
6.232327560796120380e-01,-2.029887853833187705e-01,6.845682595793966208e+00,-6.380382120456158266e-04,0.000000000000000000e+00,0.000000000000000000e+00
1.899275466497748699e+00,1.088212168467173058e-02,6.098604954432381930e+00,-5.548533580671235945e-04,0.000000000000000000e+00,0.000000000000000000e+00
3.020095790081629428e+00,1.940391844262379095e-01,5.252202415347224651e+00,7.735336784255365285e-04,0.000000000000000000e+00,0.000000000000000000e+00
3.967049354665843630e+00,3.559938476935506912e-01,4.351907635601322433e+00,-3.694295700855396505e-03,0.000000000000000000e+00,0.000000000000000000e+00
4.734795518755150034e+00,4.806605529669312205e-01,3.450177329288937056e+00,-7.172882627707104393e-03,0.000000000000000000e+00,0.000000000000000000e+00
5.331986553083386760e+00,5.723022501480414803e-01,2.596192133434807481e+00,2.155224714823777629e-02,0.000000000000000000e+00,0.000000000000000000e+00
5.766811089651358024e+00,6.452235259861307526e-01,1.807035312773574542e+00,1.014450528095552223e-01,0.000000000000000000e+00,0.000000000000000000e+00
6.056725465565362398e+00,7.103613958846022314e-01,1.500000000000000000e+00,2.523088706921186031e-01,0.000000000000000000e+00,0.000000000000000000e+00
6.226798323083350795e+00,7.570281329637530421e-01,1.500000000000000000e+00,7.648227389308875912e-01,0.000000000000000000e+00,0.000000000000000000e+00
6.315570930801873928e+00,7.933660561878487227e-01,1.500000000000000000e+00,2.723307498650819003e+00,0.000000000000000000e+00,0.000000000000000000e+00
6.360144432137040837e+00,8.234357625603834219e-01,1.500000000000000000e+00,4.472162708288696997e+00,0.000000000000000000e+00,0.000000000000000000e+00
6.390608743220927757e+00,8.523455840764467828e-01,1.500000000000000000e+00,2.236039369063696824e+00,0.000000000000000000e+00,0.000000000000000000e+00
6.420733694664502167e+00,8.844724651281273831e-01,1.500000000000000000e+00,9.741601972264628539e-01,0.000000000000000000e+00,0.000000000000000000e+00
6.455865935267781630e+00,9.249483933007874858e-01,1.500000000000000000e+00,8.068650483960420061e-01,0.000000000000000000e+00,0.000000000000000000e+00
6.495842114127844624e+00,9.755499894802719396e-01,1.500000000000000000e+00,7.639634001813095932e-01,0.000000000000000000e+00,0.000000000000000000e+00
6.540186479635022643e+00,1.038341808168861791e+00,1.500000000000000000e+00,6.856602433332962265e-01,0.000000000000000000e+00,0.000000000000000000e+00
6.587425682626904866e+00,1.114347885192881638e+00,1.500000000000000000e+00,6.116503185750234994e-01,0.000000000000000000e+00,0.000000000000000000e+00
6.634973999245800336e+00,1.202024601652366798e+00,1.500000000000000000e+00,5.586808654080851477e-01,0.000000000000000000e+00,0.000000000000000000e+00
6.682422559856881605e+00,1.302706982667374724e+00,1.500000000000000000e+00,5.263153138784359975e-01,0.000000000000000000e+00,0.000000000000000000e+00
6.728401301844433746e+00,1.418224027874667170e+00,1.500000000000000000e+00,4.777162744529266925e-01,0.000000000000000000e+00,0.000000000000000000e+00
6.771025321724536639e+00,1.549868089543571248e+00,1.500000000000000000e+00,4.296447142850653433e-01,0.000000000000000000e+00,0.000000000000000000e+00
6.807804100777543610e+00,1.692895001616959050e+00,1.500000000000000000e+00,4.194958819950334039e-01,0.000000000000000000e+00,0.000000000000000000e+00
6.836048521006137690e+00,1.841935271154529596e+00,1.500000000000000000e+00,4.439483577391309943e-01,0.000000000000000000e+00,0.000000000000000000e+00
6.854299025174463544e+00,1.992583315536501143e+00,1.500000000000000000e+00,4.735052926755350389e-01,0.000000000000000000e+00,0.000000000000000000e+00
6.861507973625574408e+00,2.145326299695637484e+00,1.500000000000000000e+00,4.477229259213698631e-01,0.000000000000000000e+00,0.000000000000000000e+00
6.857629552482919166e+00,2.302771535656339186e+00,1.500000000000000000e+00,3.470338543475064430e-01,0.000000000000000000e+00,0.000000000000000000e+00
6.844165825961566085e+00,2.475194281330428403e+00,1.500000000000000000e+00,2.194324314164385614e-01,0.000000000000000000e+00,0.000000000000000000e+00
6.819969830670040700e+00,2.671389569908074080e+00,1.500000000000000000e+00,7.972256806102435978e-02,0.000000000000000000e+00,0.000000000000000000e+00
6.787122973957904648e+00,2.897230728847571157e+00,1.500000000000000000e+00,5.521888287611072081e-03,0.000000000000000000e+00,0.000000000000000000e+00
6.752537040978928928e+00,3.152336025863458069e+00,1.500000000000000000e+00,-2.569986522762922332e-02,0.000000000000000000e+00,0.000000000000000000e+00
6.713383733029296252e+00,3.428970038598840198e+00,1.500000000000000000e+00,-7.316514844490087932e-02,0.000000000000000000e+00,0.000000000000000000e+00
6.680943119856571855e+00,3.717207164593407054e+00,1.500000000000000000e+00,-4.874221634412091025e-02,0.000000000000000000e+00,0.000000000000000000e+00
6.657894700242884767e+00,4.005366910540208991e+00,1.500000000000000000e+00,5.368039589270566514e-02,0.000000000000000000e+00,0.000000000000000000e+00
6.626186906049982284e+00,4.277733404274559170e+00,1.500000000000000000e+00,1.240488850410166738e-01,0.000000000000000000e+00,0.000000000000000000e+00
6.591463229497728449e+00,4.518650234008805278e+00,1.500000000000000000e+00,2.181808895192614561e-01,0.000000000000000000e+00,0.000000000000000000e+00
6.553485304383708687e+00,4.718026673837524498e+00,1.500000000000000000e+00,4.566285098267969245e-01,0.000000000000000000e+00,0.000000000000000000e+00
6.507447473113746383e+00,4.871727274331275837e+00,1.500000000000000000e+00,7.595194908953023516e-01,0.000000000000000000e+00,0.000000000000000000e+00
6.459668436072400155e+00,4.987226652388166315e+00,1.500000000000000000e+00,1.065347223534147902e+00,0.000000000000000000e+00,0.000000000000000000e+00
6.409336090838873012e+00,5.077684092828301132e+00,1.500000000000000000e+00,1.268807685445175082e+00,0.000000000000000000e+00,0.000000000000000000e+00
6.352481333066036129e+00,5.155571193619761239e+00,1.500000000000000000e+00,1.123236980042197075e+00,0.000000000000000000e+00,0.000000000000000000e+00
6.285992339489242298e+00,5.229178255241414774e+00,1.500000000000000000e+00,9.004350580849191932e-01,0.000000000000000000e+00,0.000000000000000000e+00
6.208124764222860748e+00,5.301673279951874207e+00,1.500000000000000000e+00,7.844649956681276626e-01,0.000000000000000000e+00,0.000000000000000000e+00
6.118134759707956505e+00,5.371680511887344522e+00,1.500000000000000000e+00,7.141719366347935027e-01,0.000000000000000000e+00,0.000000000000000000e+00
6.017587174880271839e+00,5.437090147577714916e+00,1.500000000000000000e+00,6.635347223397037864e-01,0.000000000000000000e+00,0.000000000000000000e+00
5.908372099596464366e+00,5.496089356441339113e+00,1.500000000000000000e+00,6.444377834535047755e-01,0.000000000000000000e+00,0.000000000000000000e+00
5.792702040674655883e+00,5.546993469777285135e+00,1.500000000000000000e+00,6.499116861300491266e-01,0.000000000000000000e+00,0.000000000000000000e+00
5.673234341236904399e+00,5.587960241058471667e+00,1.500000000000000000e+00,6.631042441552964517e-01,0.000000000000000000e+00,0.000000000000000000e+00
5.551599952777086955e+00,5.618764880574000919e+00,1.500000000000000000e+00,6.949578696425957602e-01,0.000000000000000000e+00,0.000000000000000000e+00
5.428247137339911710e+00,5.638981228759979203e+00,1.500000000000000000e+00,7.630953728693249394e-01,0.000000000000000000e+00,0.000000000000000000e+00
5.304230249978334477e+00,5.647388270202157834e+00,1.500000000000000000e+00,8.794576209249584942e-01,0.000000000000000000e+00,0.000000000000000000e+00
5.182394595726298903e+00,5.642466252724734233e+00,1.500000000000000000e+00,1.000092221605622944e+00,0.000000000000000000e+00,0.000000000000000000e+00
5.066781411044761541e+00,5.622697533876495513e+00,1.500000000000000000e+00,1.112633478005960574e+00,0.000000000000000000e+00,0.000000000000000000e+00
4.964540206443325054e+00,5.591558468174457452e+00,1.500000000000000000e+00,1.241029671190898576e+00,0.000000000000000000e+00,0.000000000000000000e+00
4.875474531637621567e+00,5.551599205166857232e+00,1.500000000000000000e+00,1.322672176250931031e+00,0.000000000000000000e+00,0.000000000000000000e+00
4.798464831271839870e+00,5.504746645520739889e+00,1.500000000000000000e+00,1.315148457083077593e+00,0.000000000000000000e+00,0.000000000000000000e+00
4.731379146567341820e+00,5.452767725369164431e+00,1.500000000000000000e+00,1.192211608766732933e+00,0.000000000000000000e+00,0.000000000000000000e+00
4.671356505930985392e+00,5.395971420446061373e+00,1.500000000000000000e+00,1.044082600001678740e+00,0.000000000000000000e+00,0.000000000000000000e+00
4.617061842616408285e+00,5.335500562743245467e+00,1.500000000000000000e+00,9.466611504324691229e-01,0.000000000000000000e+00,0.000000000000000000e+00
4.563276826247209428e+00,5.266600391312636908e+00,1.500000000000000000e+00,8.540615438278055249e-01,0.000000000000000000e+00,0.000000000000000000e+00
4.508504826617627970e+00,5.183167757125328734e+00,1.500000000000000000e+00,7.515544223007895042e-01,0.000000000000000000e+00,0.000000000000000000e+00
4.455700748417896762e+00,5.086443362151713998e+00,1.500000000000000000e+00,6.643339998180889383e-01,0.000000000000000000e+00,0.000000000000000000e+00
4.407318684066170889e+00,4.978634974783428646e+00,1.500000000000000000e+00,5.670527153689128852e-01,0.000000000000000000e+00,0.000000000000000000e+00
4.364056260967870138e+00,4.860475147690308972e+00,1.500000000000000000e+00,4.950387694346967127e-01,0.000000000000000000e+00,0.000000000000000000e+00
4.325819413891316856e+00,4.732930609904459018e+00,1.500000000000000000e+00,4.891686364153036148e-01,0.000000000000000000e+00,0.000000000000000000e+00
4.294071825910926066e+00,4.594436584708157412e+00,1.500000000000000000e+00,4.956213434396200546e-01,0.000000000000000000e+00,0.000000000000000000e+00
4.271823536132485444e+00,4.446271807604680326e+00,1.500000000000000000e+00,4.447499099798319366e-01,0.000000000000000000e+00,0.000000000000000000e+00
4.259444849147178580e+00,4.288283969546755614e+00,1.500000000000000000e+00,3.610663871963343263e-01,0.000000000000000000e+00,0.000000000000000000e+00
4.255634718086191981e+00,4.118221351854744583e+00,1.500000000000000000e+00,2.486929644984228194e-01,0.000000000000000000e+00,0.000000000000000000e+00
4.261498473195661774e+00,3.935152378837292630e+00,1.500000000000000000e+00,6.200208329020884257e-02,0.000000000000000000e+00,0.000000000000000000e+00
4.270727475087614522e+00,3.744170862958376311e+00,1.500000000000000000e+00,-1.265340103548757422e-01,0.000000000000000000e+00,0.000000000000000000e+00
4.273430555475066228e+00,3.552718847295418314e+00,1.500000000000000000e+00,-2.026313856295276772e-01,0.000000000000000000e+00,0.000000000000000000e+00
4.267218214081228922e+00,3.372322445505579580e+00,1.500000000000000000e+00,-2.586689762541713455e-01,0.000000000000000000e+00,0.000000000000000000e+00
4.257728694861475205e+00,3.211387388547487287e+00,1.500000000000000000e+00,-5.687054840965087843e-01,0.000000000000000000e+00,0.000000000000000000e+00
4.236975660653897968e+00,3.076540813231981364e+00,1.500000000000000000e+00,-1.130559759093483052e+00,0.000000000000000000e+00,0.000000000000000000e+00
4.201294951603835592e+00,2.965947773855986735e+00,1.500000000000000000e+00,-1.569018160255204464e+00,0.000000000000000000e+00,0.000000000000000000e+00
4.155863950753403202e+00,2.879520292952216565e+00,1.500000000000000000e+00,-1.739834939048118478e+00,0.000000000000000000e+00,0.000000000000000000e+00
4.104862360600779247e+00,2.810450786198190443e+00,1.500000000000000000e+00,-1.653497765795180818e+00,0.000000000000000000e+00,0.000000000000000000e+00
4.050907075178914241e+00,2.754567915245583087e+00,1.500000000000000000e+00,-1.496784348358958017e+00,0.000000000000000000e+00,0.000000000000000000e+00
3.996082785853072750e+00,2.708712860574569170e+00,1.500000000000000000e+00,-1.230133732257732593e+00,0.000000000000000000e+00,0.000000000000000000e+00
3.939488998080623361e+00,2.669035785502892111e+00,1.500000000000000000e+00,-9.066610923794817811e-01,0.000000000000000000e+00,0.000000000000000000e+00
3.882063988639808727e+00,2.633549924286683996e+00,1.500000000000000000e+00,-7.625037706316076802e-01,0.000000000000000000e+00,0.000000000000000000e+00
3.818322388559882707e+00,2.597329751283741217e+00,1.500000000000000000e+00,-8.165613545027746722e-01,0.000000000000000000e+00,0.000000000000000000e+00
3.741937005832273400e+00,2.560499961601555796e+00,1.500000000000000000e+00,-7.102335933061181272e-01,0.000000000000000000e+00,0.000000000000000000e+00
3.649335662370864153e+00,2.523690027071417763e+00,1.500000000000000000e+00,-4.146093776947736842e-01,0.000000000000000000e+00,0.000000000000000000e+00
3.536861552461764369e+00,2.485472398621115353e+00,1.500000000000000000e+00,-1.581829907479517516e-01,0.000000000000000000e+00,0.000000000000000000e+00
3.399094426476106712e+00,2.441375341380731534e+00,1.500000000000000000e+00,-9.853177806065144262e-02,0.000000000000000000e+00,0.000000000000000000e+00
3.231652547196763869e+00,2.389062735199870779e+00,1.500000000000000000e+00,-8.822976844350377545e-02,0.000000000000000000e+00,0.000000000000000000e+00
3.030105672240371639e+00,2.332136552326751655e+00,1.500000000000000000e+00,-2.652088982488107899e-02,0.000000000000000000e+00,0.000000000000000000e+00
2.801139539131245471e+00,2.269183053878139233e+00,1.500000000000000000e+00,9.955553492318816589e-03,0.000000000000000000e+00,0.000000000000000000e+00
2.558674238584712324e+00,2.199869872094740941e+00,1.500000000000000000e+00,-4.538990050664785253e-02,0.000000000000000000e+00,0.000000000000000000e+00
2.318590004495200141e+00,2.132224873220398109e+00,1.500000000000000000e+00,-1.605649232943139881e-01,0.000000000000000000e+00,0.000000000000000000e+00
2.093986957532081306e+00,2.081389041679263308e+00,1.500000000000000000e+00,-2.470072190788700217e-01,0.000000000000000000e+00,0.000000000000000000e+00
1.895462858956458607e+00,2.048524338250402810e+00,1.500000000000000000e+00,-3.285599380966707783e-01,0.000000000000000000e+00,0.000000000000000000e+00
1.726127822281389612e+00,2.028906463150685013e+00,1.500000000000000000e+00,-5.717759377573878865e-01,0.000000000000000000e+00,0.000000000000000000e+00
1.581799362739243486e+00,2.026266233420228602e+00,1.500000000000000000e+00,-8.967706182279862048e-01,0.000000000000000000e+00,0.000000000000000000e+00
1.456836732782532007e+00,2.040097939826588380e+00,1.500000000000000000e+00,-1.041952248777687995e+00,0.000000000000000000e+00,0.000000000000000000e+00
1.346142903719016681e+00,2.065966518579938516e+00,1.500000000000000000e+00,-1.057990534335862431e+00,0.000000000000000000e+00,0.000000000000000000e+00
1.245850267254170696e+00,2.101811513114178798e+00,1.500000000000000000e+00,-1.028372646047483130e+00,0.000000000000000000e+00,0.000000000000000000e+00
1.153454819034492873e+00,2.146366932393864779e+00,1.500000000000000000e+00,-9.167539514943385814e-01,0.000000000000000000e+00,0.000000000000000000e+00
1.065620503039774736e+00,2.199267410365929543e+00,1.500000000000000000e+00,-7.061999282307667158e-01,0.000000000000000000e+00,0.000000000000000000e+00
9.767453924165674373e-01,2.261879035740636645e+00,1.500000000000000000e+00,-5.491105390372126305e-01,0.000000000000000000e+00,0.000000000000000000e+00
8.813030936151791117e-01,2.336998222923662549e+00,1.500000000000000000e+00,-5.111347945670622339e-01,0.000000000000000000e+00,0.000000000000000000e+00
7.796834174914306637e-01,2.428890825542747045e+00,1.500000000000000000e+00,-5.077088568888172837e-01,0.000000000000000000e+00,0.000000000000000000e+00
6.777250801836296468e-01,2.535759903217007505e+00,1.500000000000000000e+00,-5.378331414638422014e-01,0.000000000000000000e+00,0.000000000000000000e+00
5.852545474698915839e-01,2.650771333484708059e+00,1.500000000000000000e+00,-6.134588850194082621e-01,0.000000000000000000e+00,0.000000000000000000e+00
5.181948357381001014e-01,2.755280571075926055e+00,1.500000000000000000e+00,-7.850273356761676702e-01,0.000000000000000000e+00,0.000000000000000000e+00
4.752468975113351979e-01,2.833327849088592920e+00,1.500000000000000000e+00,-1.539593075177354109e+00,0.000000000000000000e+00,0.000000000000000000e+00
4.552647506634996954e-01,2.883590708861094143e+00,1.500000000000000000e+00,-2.534134734568938896e+00,0.000000000000000000e+00,0.000000000000000000e+00
4.429127837608767271e-01,2.928921664679688952e+00,1.500000000000000000e+00,-1.608242914103291898e+00,0.000000000000000000e+00,0.000000000000000000e+00
4.339266146756139975e-01,2.969479361203619661e+00,1.500000000000000000e+00,-1.161581736670910026e+00,0.000000000000000000e+00,0.000000000000000000e+00
4.259563005176577044e-01,3.014860493970841659e+00,1.500000000000000000e+00,-1.627643207393760560e+00,0.000000000000000000e+00,0.000000000000000000e+00
4.215821770150424141e-01,3.055829010594114159e+00,1.500000000000000000e+00,-2.441358814397632138e+00,0.000000000000000000e+00,0.000000000000000000e+00
4.215372513079672090e-01,3.100607921859157123e+00,1.500000000000000000e+00,-2.845189628203330212e+00,0.000000000000000000e+00,0.000000000000000000e+00
4.272136479158802347e-01,3.143071987384394195e+00,1.500000000000000000e+00,-3.808063581783007301e+00,0.000000000000000000e+00,0.000000000000000000e+00
4.385906683164727538e-01,3.181417757727321938e+00,1.500000000000000000e+00,-4.203415926213311948e+00,0.000000000000000000e+00,0.000000000000000000e+00
4.566646701748894310e-01,3.217390236735751863e+00,1.500000000000000000e+00,-3.411022469112162447e+00,0.000000000000000000e+00,0.000000000000000000e+00
4.799404651811384204e-01,3.250624358549580428e+00,1.500000000000000000e+00,-2.871276309877009325e+00,0.000000000000000000e+00,0.000000000000000000e+00
5.051597874153143097e-01,3.280359122378242009e+00,1.500000000000000000e+00,-2.018936463983298957e+00,0.000000000000000000e+00,0.000000000000000000e+00
5.354681151682585405e-01,3.308514853060932293e+00,1.500000000000000000e+00,-1.360752505308152172e+00,0.000000000000000000e+00,0.000000000000000000e+00
5.627394512345196276e-01,3.334031961286950452e+00,1.500000000000000000e+00,-1.025929765624682632e+00,0.000000000000000000e+00,0.000000000000000000e+00
5.954738621567798873e-01,3.359053107739804034e+00,1.500000000000000000e+00,-6.481021042349945915e-01,0.000000000000000000e+00,0.000000000000000000e+00
6.230654267388315848e-01,3.381762254767818998e+00,1.500000000000000000e+00,-4.817438619692712143e-01,0.000000000000000000e+00,0.000000000000000000e+00
6.558634616613154833e-01,3.405004764077644630e+00,1.500000000000000000e+00,-3.003720172572654223e-01,0.000000000000000000e+00,0.000000000000000000e+00
6.833927178773886446e-01,3.426007661603654775e+00,1.500000000000000000e+00,-4.512051020145314006e-01,0.000000000000000000e+00,0.000000000000000000e+00
7.152400856575711341e-01,3.448128591661950182e+00,1.500000000000000000e+00,-8.460302667462331339e-02,0.000000000000000000e+00,0.000000000000000000e+00
7.470291375998201477e-01,3.469653328602111841e+00,1.500000000000000000e+00,4.187871773630114647e-01,0.000000000000000000e+00,0.000000000000000000e+00
7.730716573801941216e-01,3.489581854975358777e+00,1.500000000000000000e+00,-2.272178169421705529e-01,0.000000000000000000e+00,0.000000000000000000e+00
8.032014131537106305e-01,3.510557441214043006e+00,1.500000000000000000e+00,-1.487235544542460930e-01,0.000000000000000000e+00,0.000000000000000000e+00
8.329952582013278040e-01,3.531201342102570084e+00,1.500000000000000000e+00,-7.335811622422413469e-01,0.000000000000000000e+00,0.000000000000000000e+00
8.601843982368997388e-01,3.551060754947103604e+00,1.500000000000000000e+00,-1.900294524783446626e+00,0.000000000000000000e+00,0.000000000000000000e+00
8.995979028760499041e-01,3.573169375425882421e+00,1.500000000000000000e+00,-1.256259526903328316e+00,0.000000000000000000e+00,0.000000000000000000e+00
9.451223235811825329e-01,3.595259627941640446e+00,1.500000000000000000e+00,-1.092732704514673525e+00,0.000000000000000000e+00,0.000000000000000000e+00
9.929627818528548033e-01,3.616080168331862410e+00,1.500000000000000000e+00,-9.934595104350769645e-01,0.000000000000000000e+00,0.000000000000000000e+00
1.054372687283168020e+00,3.637934915052557727e+00,1.500000000000000000e+00,-7.201832506577726667e-01,0.000000000000000000e+00,0.000000000000000000e+00
1.128083730540970109e+00,3.660629171195726173e+00,1.500000000000000000e+00,-4.462160931093646088e-01,0.000000000000000000e+00,0.000000000000000000e+00
1.225198520054362250e+00,3.685561420246033393e+00,1.500000000000000000e+00,-9.729903951004724438e-02,0.000000000000000000e+00,0.000000000000000000e+00
1.348004046923877874e+00,3.714251780349736354e+00,1.500000000000000000e+00,1.506286274367142075e-01,0.000000000000000000e+00,0.000000000000000000e+00
1.488778519891745367e+00,3.750672239310244738e+00,1.500000000000000000e+00,2.175096758491626703e-01,0.000000000000000000e+00,0.000000000000000000e+00
1.638090621375525080e+00,3.796644371280851082e+00,1.500000000000000000e+00,2.519907879832309905e-01,0.000000000000000000e+00,0.000000000000000000e+00
1.774016472130363287e+00,3.842496947016049269e+00,1.500000000000000000e+00,4.713001531328352978e-01,0.000000000000000000e+00,0.000000000000000000e+00
1.883219096613781174e+00,3.888334347257863310e+00,1.500000000000000000e+00,9.664549819975853939e-01,0.000000000000000000e+00,0.000000000000000000e+00
1.962588572720667113e+00,3.932630037302843107e+00,1.500000000000000000e+00,1.696143752760663759e+00,0.000000000000000000e+00,0.000000000000000000e+00
2.016762280625155057e+00,3.973481939175765643e+00,1.500000000000000000e+00,2.268285769283411302e+00,0.000000000000000000e+00,0.000000000000000000e+00
2.056453137796210306e+00,4.012835666778782340e+00,1.500000000000000000e+00,1.886682131411202112e+00,0.000000000000000000e+00,0.000000000000000000e+00
2.090795124561274143e+00,4.053259265168102310e+00,1.500000000000000000e+00,1.157237932948830261e+00,0.000000000000000000e+00,0.000000000000000000e+00
2.126407399476675231e+00,4.100130025685473356e+00,1.500000000000000000e+00,7.875094708110195185e-01,0.000000000000000000e+00,0.000000000000000000e+00
2.166680442287333364e+00,4.158506073325811236e+00,1.500000000000000000e+00,6.776597183503126898e-01,0.000000000000000000e+00,0.000000000000000000e+00
2.211331350098413751e+00,4.230855323044642624e+00,1.500000000000000000e+00,6.548358701460860187e-01,0.000000000000000000e+00,0.000000000000000000e+00
2.258415691531609149e+00,4.318379942281674211e+00,1.500000000000000000e+00,6.783448437658374797e-01,0.000000000000000000e+00,0.000000000000000000e+00
2.303596705040323656e+00,4.419077924254252387e+00,1.500000000000000000e+00,7.715910655311926103e-01,0.000000000000000000e+00,0.000000000000000000e+00
2.340558275468866967e+00,4.526403789628496988e+00,1.500000000000000000e+00,8.626355142144093158e-01,0.000000000000000000e+00,0.000000000000000000e+00
2.363729057431480651e+00,4.631012210507692295e+00,1.500000000000000000e+00,8.853397719330324822e-01,0.000000000000000000e+00,0.000000000000000000e+00
2.376238636465600962e+00,4.724050839183466799e+00,1.500000000000000000e+00,1.119776747855849131e+00,0.000000000000000000e+00,0.000000000000000000e+00
2.379606263293375434e+00,4.798822326271944050e+00,1.500000000000000000e+00,1.717011505814279415e+00,0.000000000000000000e+00,0.000000000000000000e+00
2.374333627914007483e+00,4.862215987425195785e+00,1.500000000000000000e+00,2.132032489566105138e+00,0.000000000000000000e+00,0.000000000000000000e+00
2.363429572192061734e+00,4.913504222266582566e+00,1.500000000000000000e+00,2.450148482797679161e+00,0.000000000000000000e+00,0.000000000000000000e+00
2.350010433450169245e+00,4.954561356970686781e+00,1.500000000000000000e+00,2.224494239085678782e+00,0.000000000000000000e+00,0.000000000000000000e+00
2.332984746889832817e+00,4.994633575310553297e+00,1.500000000000000000e+00,2.086208130913514758e+00,0.000000000000000000e+00,0.000000000000000000e+00
2.313806968754210658e+00,5.031023121256113839e+00,1.500000000000000000e+00,2.280254696202305809e+00,0.000000000000000000e+00,0.000000000000000000e+00
2.290586117768536933e+00,5.066118457429906741e+00,1.500000000000000000e+00,2.283038236623446515e+00,0.000000000000000000e+00,0.000000000000000000e+00
2.264879139048325385e+00,5.098061425979730998e+00,1.500000000000000000e+00,2.387979523246486657e+00,0.000000000000000000e+00,0.000000000000000000e+00
2.236459733741868572e+00,5.126997156038557435e+00,1.500000000000000000e+00,2.224682547230938834e+00,0.000000000000000000e+00,0.000000000000000000e+00
2.205104709718019418e+00,5.153450489926071576e+00,1.500000000000000000e+00,2.116020706628914727e+00,0.000000000000000000e+00,0.000000000000000000e+00
2.173004412492165915e+00,5.176378675905593418e+00,1.500000000000000000e+00,1.883974263395291171e+00,0.000000000000000000e+00,0.000000000000000000e+00
2.137693197757578378e+00,5.197448116593705869e+00,1.500000000000000000e+00,1.678352545224703896e+00,0.000000000000000000e+00,0.000000000000000000e+00
2.103278280236748898e+00,5.215274449214923891e+00,1.500000000000000000e+00,1.488830915687567202e+00,0.000000000000000000e+00,0.000000000000000000e+00
2.065595575654578742e+00,5.231808911001593287e+00,1.500000000000000000e+00,1.323475878811248618e+00,0.000000000000000000e+00,0.000000000000000000e+00
2.029679296894570939e+00,5.245495727159547705e+00,1.500000000000000000e+00,1.241567957942979694e+00,0.000000000000000000e+00,0.000000000000000000e+00
1.990584690181504302e+00,5.258309381561915963e+00,1.500000000000000000e+00,9.830417342248689572e-01,0.000000000000000000e+00,0.000000000000000000e+00
1.950918779513113543e+00,5.269206786015628197e+00,1.500000000000000000e+00,9.030101113950766978e-01,0.000000000000000000e+00,0.000000000000000000e+00
1.913671681208301667e+00,5.278436938331466877e+00,1.500000000000000000e+00,8.499367236955388538e-01,0.000000000000000000e+00,0.000000000000000000e+00
1.873413041343777063e+00,5.286689592611608646e+00,1.500000000000000000e+00,7.757414127201577303e-01,0.000000000000000000e+00,0.000000000000000000e+00
1.835425309123700499e+00,5.293364982262249718e+00,1.500000000000000000e+00,7.129779098868898046e-01,0.000000000000000000e+00,0.000000000000000000e+00
1.794797543053550770e+00,5.299372997049495382e+00,1.500000000000000000e+00,5.402353188524927630e-01,0.000000000000000000e+00,0.000000000000000000e+00
1.754014249126719882e+00,5.304223955289266712e+00,1.500000000000000000e+00,5.036604027994660004e-01,0.000000000000000000e+00,0.000000000000000000e+00
1.711870667748542907e+00,5.308954943525861836e+00,1.500000000000000000e+00,6.514466792911762782e-01,0.000000000000000000e+00,0.000000000000000000e+00
1.656495742513579561e+00,5.313410893621174580e+00,1.500000000000000000e+00,6.002268102590245791e-01,0.000000000000000000e+00,0.000000000000000000e+00
1.583796216060486373e+00,5.316512291603583407e+00,1.500000000000000000e+00,4.176530073812849686e-01,0.000000000000000000e+00,0.000000000000000000e+00
1.485200154511228110e+00,5.317054204314418442e+00,1.500000000000000000e+00,2.526361791764419329e-01,0.000000000000000000e+00,0.000000000000000000e+00
1.358596898002927489e+00,5.313872236813690364e+00,1.500000000000000000e+00,1.501968915799641036e-01,0.000000000000000000e+00,0.000000000000000000e+00
1.205072633778229818e+00,5.306606639694476435e+00,1.500000000000000000e+00,9.791175100696998534e-02,0.000000000000000000e+00,0.000000000000000000e+00
1.025205030019270547e+00,5.295386295813995226e+00,1.500000000000000000e+00,9.177103032195110810e-02,0.000000000000000000e+00,0.000000000000000000e+00
8.240140560369275669e-01,5.279629508902131896e+00,1.500000000000000000e+00,1.147834500910542982e-01,0.000000000000000000e+00,0.000000000000000000e+00
6.056422669493857214e-01,5.257373887940410384e+00,1.500000000000000000e+00,1.448859392899539134e-01,0.000000000000000000e+00,0.000000000000000000e+00
3.799693123921459303e-01,5.226490870088238871e+00,1.500000000000000000e+00,1.750753581368907075e-01,0.000000000000000000e+00,0.000000000000000000e+00
1.589715245768166252e-01,5.186933621901161473e+00,1.500000000000000000e+00,2.109557303199734724e-01,0.000000000000000000e+00,0.000000000000000000e+00
-5.145281906739396227e-02,5.139101598978823127e+00,1.500000000000000000e+00,2.457201893806963966e-01,0.000000000000000000e+00,0.000000000000000000e+00
-2.519805947638933397e-01,5.082023218164047229e+00,1.500000000000000000e+00,2.420494869117566228e-01,0.000000000000000000e+00,0.000000000000000000e+00
-4.521597500621228338e-01,5.013933805902111907e+00,1.500000000000000000e+00,1.902210349153080071e-01,0.000000000000000000e+00,0.000000000000000000e+00
-6.655909644454907070e-01,4.931592681127270339e+00,1.500000000000000000e+00,1.174899395894193066e-01,0.000000000000000000e+00,0.000000000000000000e+00
-9.053494697172523864e-01,4.830470276268830965e+00,1.500000000000000000e+00,5.551463832257888531e-02,0.000000000000000000e+00,0.000000000000000000e+00
-1.177533581975884758e+00,4.711055739911696350e+00,1.584134364311578391e+00,2.264679015775310569e-02,0.000000000000000000e+00,0.000000000000000000e+00
-1.480338013937398500e+00,4.575755617312552204e+00,1.737636863820089861e+00,9.076067437819966208e-03,0.000000000000000000e+00,0.000000000000000000e+00
-1.806967563739600102e+00,4.428675105073391904e+00,1.847223906858509679e+00,-2.471779227933275890e-03,0.000000000000000000e+00,0.000000000000000000e+00
-2.147660309803522516e+00,4.274883300278924381e+00,1.889139227861413195e+00,-7.770438888825128253e-03,0.000000000000000000e+00,0.000000000000000000e+00
-2.489673562705830179e+00,4.123728861144321911e+00,1.848468891100173872e+00,2.877613118641493117e-03,0.000000000000000000e+00,0.000000000000000000e+00
-2.817742306130393004e+00,3.977536277687619304e+00,1.739290096591628254e+00,2.921994260854886977e-02,0.000000000000000000e+00,0.000000000000000000e+00
-3.120370648963260773e+00,3.840169501413088327e+00,1.581453430169542429e+00,7.225201721119864362e-02,0.000000000000000000e+00,0.000000000000000000e+00
-3.389695915557795036e+00,3.708987694586129535e+00,1.500000000000000000e+00,1.200237860547771207e-01,0.000000000000000000e+00,0.000000000000000000e+00
-3.628879995190371854e+00,3.582112740015316987e+00,1.500000000000000000e+00,1.492826258251417348e-01,0.000000000000000000e+00,0.000000000000000000e+00
-3.850349715304258069e+00,3.453154456930701777e+00,1.500000000000000000e+00,1.379569954493355954e-01,0.000000000000000000e+00,0.000000000000000000e+00
-4.070859813008516070e+00,3.313592596451109706e+00,1.500000000000000000e+00,9.004917619332598877e-02,0.000000000000000000e+00,0.000000000000000000e+00
-4.305145293450492794e+00,3.157708206201586876e+00,1.500000000000000000e+00,4.838617563189346465e-02,0.000000000000000000e+00,0.000000000000000000e+00
-4.559197089103008693e+00,2.983373534142213401e+00,1.607486328887695715e+00,2.319743407161360335e-02,0.000000000000000000e+00,0.000000000000000000e+00
-4.831473281088531024e+00,2.793592295979117068e+00,1.708720467725070247e+00,1.012153458568305464e-04,0.000000000000000000e+00,0.000000000000000000e+00
-5.114949813134463952e+00,2.594962354924406966e+00,1.751037872957972308e+00,-1.404600322628572935e-02,0.000000000000000000e+00,0.000000000000000000e+00
-5.402545010101448497e+00,2.398148570154464920e+00,1.732563242642517487e+00,-1.574701597503385883e-02,0.000000000000000000e+00,0.000000000000000000e+00
