-5.963732726525677208e+00,3.035326857096633191e+00
-5.877919554368002508e+00,3.087199741150061794e+00
-5.792593409135824878e+00,3.139832599753770381e+00
-5.708181562805127562e+00,3.193758489546291379e+00
-5.625111287351897360e+00,3.249510467166155880e+00
-5.543809854752120181e+00,3.307621589251898531e+00
-5.464704536981777494e+00,3.368624912442050423e+00
-5.388150143032714112e+00,3.432958519804040431e+00
-5.313577570653729154e+00,3.499849570632645346e+00
-5.239780500127449336e+00,3.567690055494089574e+00
-5.165539979874750109e+00,3.634855409011815031e+00
-5.089637058316510476e+00,3.699721065809260079e+00
-5.010864363440400204e+00,3.760677945159492275e+00
-4.928744638646789689e+00,3.817093305222374777e+00
-4.843953109317326700e+00,3.869875548140070176e+00
-4.757266610980453336e+00,3.920068953117305632e+00
-4.669461979164609922e+00,3.968717799358806975e+00
-4.581316049398242107e+00,4.016866366069300476e+00
-4.493586084735210484e+00,4.065532741624839908e+00
-4.406569672799990123e+00,4.115119901562059646e+00
-4.320099380391124733e+00,4.165408555657137413e+00
-4.233987132708470824e+00,4.216151792213427285e+00
-4.148044854951879579e+00,4.267102699534284227e+00
-4.062084472321207507e+00,4.318014365923060538e+00
-3.975917910016308898e+00,4.368639879683108518e+00
-3.889372901671421356e+00,4.418754721696140919e+00
-3.802568593981308975e+00,4.468547158173076461e+00
-3.715880324376037436e+00,4.518568348383987576e+00
-3.629692157589363255e+00,4.569381813786568713e+00
-3.544388158355046059e+00,4.621551075838508105e+00
-3.460352391406841477e+00,4.675639655997499311e+00
-3.377900376332266585e+00,4.732109842867808780e+00
-3.296683697101166377e+00,4.790443372808189437e+00
-3.215981271484107840e+00,4.849571599476425021e+00
-3.135067888555121307e+00,4.908419778947103573e+00
-3.053218337388236669e+00,4.965913167294817576e+00
-2.969707407057482929e+00,5.020977020594156848e+00
-2.883848547424612274e+00,5.072573504562413405e+00
-2.795500423722934613e+00,5.120185304692768113e+00
-2.704925021087984938e+00,5.163680157957254657e+00
-2.612393795462042867e+00,5.202934843153330213e+00
-2.518178202787387576e+00,5.237826139078447518e+00
-2.422549699006302681e+00,5.268230824530062861e+00
-2.325779722576394093e+00,5.294025989950035260e+00
-2.228123888874264491e+00,5.315370754236478312e+00
-2.129792825684660773e+00,5.333226089041191109e+00
-2.030989219261255752e+00,5.348694514791982435e+00
-1.931915755857722905e+00,5.362878551916661074e+00
-1.832775121727733936e+00,5.376880720843035810e+00
-1.733770001278458261e+00,5.391803530933045430e+00
-1.635043099297567526e+00,5.408390041142626892e+00
-1.536519369652218803e+00,5.426078356220909171e+00
-1.438074366875526033e+00,5.444010536846920267e+00
-1.339583645500601827e+00,5.461328643699695284e+00
-1.240922760060560348e+00,5.477174737458260445e+00
-1.141967265088513761e+00,5.490690878801650854e+00
-1.042629168630487158e+00,5.501286320980070421e+00
-9.429901360197086024e-01,5.509613850806431401e+00
-8.431811513309552808e-01,5.516687745669162091e+00
-7.433332040921195594e-01,5.523522322926252670e+00
-6.435772838310909183e-01,5.531131899935701313e+00
-5.440443800757623904e-01,5.540530794055499975e+00
-4.448394963820914705e-01,5.552529863638016927e+00
-3.459388577540590815e-01,5.566931686252432954e+00
-2.472788703129807364e-01,5.583227074709085969e+00
-1.487959284709088614e-01,5.600906750139833967e+00
-5.042642663989761048e-02,5.619461433676532280e+00
4.789324076799932745e-02,5.638381846451038015e+00
1.462243334081059498e-01,5.657180806855151012e+00
2.446131236725641034e-01,5.675512304193765623e+00
3.430999874884061440e-01,5.693085868890496393e+00
4.417252866426008562e-01,5.709611164559759366e+00
5.405293829221173851e-01,5.724797854815969700e+00
6.395526381139244876e-01,5.738355603273537220e+00
7.388279539683698660e-01,5.750041414781759563e+00
8.383260986500137291e-01,5.760006592613376775e+00
9.379869959578472915e-01,5.768598177733737842e+00
1.037750347117323502e+00,5.776164623555171573e+00
1.137555853353895863e+00,5.783054383490002337e+00
1.237343215893015991e+00,5.789615910950558941e+00
1.337058524183392993e+00,5.796190184356400543e+00
1.436704887686278909e+00,5.803051461825629254e+00
1.536315387568399249e+00,5.810438930961008275e+00
1.635923371568907436e+00,5.818591467443367193e+00
1.735562187426956227e+00,5.827747946953530267e+00
1.835265182881699264e+00,5.838147245172330635e+00
1.935062624155802435e+00,5.849844487312984675e+00
2.034955263348059873e+00,5.861134874834597497e+00
2.134927433265466856e+00,5.869334528746975366e+00
2.234963289948518117e+00,5.871749029494243821e+00
2.335046989437710607e+00,5.865683957520528402e+00
2.435162687773539059e+00,5.848444893269954648e+00
2.535050028126277777e+00,5.817598296030337401e+00
2.632106760259929956e+00,5.773209268385079085e+00
2.722427792242630762e+00,5.716732957682173044e+00
2.802094006034162366e+00,5.649639476187097387e+00
2.867186283594306495e+00,5.573398936165334661e+00
2.913785518319049306e+00,5.489481449231497834e+00
2.939324880182079269e+00,5.399280164793696102e+00
2.946319633908998092e+00,5.303898994664558053e+00
2.938478701127027026e+00,5.204373915982354326e+00
2.919511003463389542e+00,5.101740905885348454e+00
2.893125462545307780e+00,4.997035941511809298e+00
2.863031000000002990e+00,4.891295000000003057e+00
2.864020132780891625e+00,4.683946392074855858e+00
2.860124465848511210e+00,4.585252149219789963e+00
2.851492959443631570e+00,4.487622901557540622e+00
2.840282259153058320e+00,4.390124732150235687e+00
2.828731398768311145e+00,4.291800414247332718e+00
2.819079412080910618e+00,4.191692721098291941e+00
2.813565332882379533e+00,4.088844425952609996e+00
2.814225306081717282e+00,3.982411725552696513e+00
2.819348009381470010e+00,3.873645809797151340e+00
2.823923625691667549e+00,3.765641867113441066e+00
2.822829702181513412e+00,3.661558054086769598e+00
2.810943786020213775e+00,3.564552527302384810e+00
2.783143424376967268e+00,3.477783443345478620e+00
2.734532274532092355e+00,3.404313887216575463e+00
2.664787864877112611e+00,3.345283787217394611e+00
2.577838370173390903e+00,3.300045819923162149e+00
2.477773321477553914e+00,3.267884817093978711e+00
2.368682249846177257e+00,3.248085610489920949e+00
2.254654686335894276e+00,3.239933031871081059e+00
2.139776182891712342e+00,3.242702356055064072e+00
2.027325474515667914e+00,3.253731062711174182e+00
1.918798904655847126e+00,3.266075722765031220e+00
1.815454370639300485e+00,3.272220212505161374e+00
1.718549769793136672e+00,3.264648408220086839e+00
1.629342999444420403e+00,3.235844186198333805e+00
1.549096616282163996e+00,3.178314203172698083e+00
1.480317888323124276e+00,3.090650729612777869e+00
1.428429438618284530e+00,2.985699722163502212e+00
1.399270711108058673e+00,2.878345048488917701e+00
1.398681149732837303e+00,2.783470576253027406e+00
1.432302507793954183e+00,2.715652955724277895e+00
1.499615165732252287e+00,2.679893872306069014e+00
1.592880136800991275e+00,2.669975890479410641e+00
1.703947477636052588e+00,2.679042935373122880e+00
1.824667244873321881e+00,2.700238932116020951e+00
1.946889495148684590e+00,2.726707805836918297e+00
2.062619571912180483e+00,2.751708910882356474e+00
2.168702602464287477e+00,2.772099154081596240e+00
2.267654556873141214e+00,2.788950745076680615e+00
2.362314213328540635e+00,2.803575846200811572e+00
2.455520350020288234e+00,2.817286619787189306e+00
2.550111745138176733e+00,2.831395228169014899e+00
2.648876876981629991e+00,2.847218987240286658e+00
2.752035314243745479e+00,2.866338414896698161e+00
2.856063578832569227e+00,2.890717529256704665e+00
2.957142584865746660e+00,2.922350635437558797e+00
3.051453246460918756e+00,2.963232038556506964e+00
3.135176477735742928e+00,3.015356043730806235e+00
3.204493192807861046e+00,3.080716956077704793e+00
3.256208816721056110e+00,3.160704930738370333e+00
3.290989848911960003e+00,3.252974931195243613e+00
3.310976709566718412e+00,3.353756054467424530e+00
3.318312751922219306e+00,3.459274560149641076e+00
3.315141329215346655e+00,3.565756707836601258e+00
3.303651338685168248e+00,3.669761570620227786e+00
3.286418267452557274e+00,3.770673233106180078e+00
3.266212571567493228e+00,3.869300518351569185e+00
3.245806200422642007e+00,3.966463162038218915e+00
3.227971103410673059e+00,4.062980899847932648e+00
3.215479229924254945e+00,4.159673467462523533e+00
3.210852704221043741e+00,4.257305385506971795e+00
3.213793246709864881e+00,4.356017823561957769e+00
3.222221985462758731e+00,4.455558413916339333e+00
3.234032076974737713e+00,4.555668606725935099e+00
3.247116677740814694e+00,4.656089852146569896e+00
3.259368944256001654e+00,4.756563600334072106e+00
3.268852439139193766e+00,4.856845029435127081e+00
3.275705781650608106e+00,4.956856485054855987e+00
3.281452410697899058e+00,5.056631874466705590e+00
3.287641006645064312e+00,5.156207138406740498e+00
3.295820249856102890e+00,5.255618217611027987e+00
3.307538820695010262e+00,5.354901052815627338e+00
3.324305071777668097e+00,5.454043318464656842e+00
3.347096636095603817e+00,5.552397496869397209e+00
3.376516855361393343e+00,5.648868099576790591e+00
3.413161230047767614e+00,5.742350253340698707e+00
3.457625260627453567e+00,5.831739084914969951e+00
3.510302876465401400e+00,5.916118886317439873e+00
3.570463090952657126e+00,5.995629631749109123e+00
3.636984841950291258e+00,6.070777363452203979e+00
3.708746683975537639e+00,6.142068483419602209e+00
3.784631577527110657e+00,6.210000429049939541e+00
3.863925810933788174e+00,6.274250010066714900e+00
3.946637392715541370e+00,6.333025594101169276e+00
4.032849256301909158e+00,6.384383103429272843e+00
4.122644335122432224e+00,6.426378460326993114e+00
4.216079882468854123e+00,6.457191170504430033e+00
4.312766395948052001e+00,6.477150712627881113e+00
4.411935396204258453e+00,6.488410359102000591e+00
4.512806394633633644e+00,6.493181175795425197e+00
4.614598902632343957e+00,6.493674228576788110e+00
4.716532431596542452e+00,6.492100583314724283e+00
4.817854405033676457e+00,6.490604163636825241e+00
4.918342888991450224e+00,6.490052439053395794e+00
5.018251245454266929e+00,6.490169560533051829e+00
5.117849637077676483e+00,6.490639265236178623e+00
5.217408226517222580e+00,6.491145290323165895e+00
5.317197176428468453e+00,6.491371372954405139e+00
5.417468584013184874e+00,6.490984374989457351e+00
5.518131100640998099e+00,6.489330338683370059e+00
5.618785753629366830e+00,6.485467948526096649e+00
5.719022696458751831e+00,6.478445731539494545e+00
5.818432082609634293e+00,6.467312214745422061e+00
5.916604065562477643e+00,6.451115925165736620e+00
6.013144243417522183e+00,6.428943291440597285e+00
6.107980130025284282e+00,6.400670734328498312e+00
6.201343669463450503e+00,6.366921756642322627e+00
6.293478749905252023e+00,6.328349172408566758e+00
6.384629259523899591e+00,6.285605795653731676e+00
6.475039086492606621e+00,6.239344440404316572e+00
6.564952116669144466e+00,6.190217918810879461e+00
6.654360679740338291e+00,6.138675235687070852e+00
6.742313433701931480e+00,6.084400846069990543e+00
6.827637796075268994e+00,6.026899959018674480e+00
6.909161184381697574e+00,5.965677783592157724e+00
6.985711016142565732e+00,5.900239528849471782e+00
7.056114708879219322e+00,5.830090403849655267e+00
7.119199680113016626e+00,5.754735617651729918e+00
7.173797406379430086e+00,5.673682842271381865e+00
7.219489097171522651e+00,5.586894677870034798e+00
7.257477333309967804e+00,5.495317551509311116e+00
7.289176329245375285e+00,5.400026306767507833e+00
7.316000299428362830e+00,5.302095787222899759e+00
7.339363458309539290e+00,5.202600836453785682e+00
7.360680020339517959e+00,5.102616298038455511e+00
7.381291237459199017e+00,5.003103042471278350e+00
7.402127211129633899e+00,4.904379691394048280e+00
7.423974153173197088e+00,4.806540099702862001e+00
7.447618122744046332e+00,4.709677883814272548e+00
7.473845178996344707e+00,4.613886660144832952e+00
7.503441381084248185e+00,4.519260045111092694e+00
7.537076908207859915e+00,4.425862898158028358e+00
7.574233730458399094e+00,4.333465210685035096e+00
7.613696502751117201e+00,4.241663927140831625e+00
7.654241008312756556e+00,4.150053790360431094e+00
7.694643030370064807e+00,4.058229543178846654e+00
7.733678352149784274e+00,3.965785928431100338e+00
7.770124394202650109e+00,3.872318458229597304e+00
7.803097254661668813e+00,3.777581768362963999e+00
7.832464565093537168e+00,3.681683593758985129e+00
7.858195011908012617e+00,3.584779148774162039e+00
7.880257281514854384e+00,3.487023647765005396e+00
7.898620060323825243e+00,3.388572305088002778e+00
7.913252035741179746e+00,3.289580335068309935e+00
7.924325077531062966e+00,3.190196558807913974e+00
7.932782732040084106e+00,3.090545516262305004e+00
7.939751714966496010e+00,2.990745983881955006e+00
7.946358742008555964e+00,2.890916738117311979e+00
7.953730528864522142e+00,2.791176555418847904e+00
7.962993791232648277e+00,2.691644212237025879e+00
7.974999927518801712e+00,2.592412308913214503e+00
7.989487397165464522e+00,2.493467631833296672e+00
8.005913476577104504e+00,2.394770233581507757e+00
8.023735442146113783e+00,2.296280166740956918e+00
8.042410570264889813e+00,2.197957483894747988e+00
8.061396137325825606e+00,2.099762237625981243e+00
8.080184423707502006e+00,2.001643940441093505e+00
8.098449289686902475e+00,1.903497429186378875e+00
8.115923293380840065e+00,1.805199866157341848e+00
8.132339022373747284e+00,1.706628404776466157e+00
8.147429064250045982e+00,1.607660198466234425e+00
8.160926006594159787e+00,1.508172400649138156e+00
8.172483203031875476e+00,1.408084011919572109e+00
8.181223312796175762e+00,1.307594317485728741e+00
8.186051037700787347e+00,1.207017716097416260e+00
8.185870412557367359e+00,1.106668958779536638e+00
8.179585472177580030e+00,1.006862796556999617e+00
8.166100251373082486e+00,9.079139804546937365e-01
8.144472465160278674e+00,8.101617824928708522e-01
8.114789150128560280e+00,7.141097117809948047e-01
8.077560087627144725e+00,6.203287299823845302e-01
8.033296352705795229e+00,5.293900051813863472e-01
7.982509020414257250e+00,4.418647054623275339e-01
7.925709165802291345e+00,3.583239989095547973e-01
7.863406479586225295e+00,2.792769526392444579e-01
7.796100067171502168e+00,2.047577784755694186e-01
7.724284147353893459e+00,1.345814757423109687e-01
7.648452912661336534e+00,6.856186539331943219e-02
7.569100555621784743e+00,6.512768382460339817e-03
7.486721268763187886e+00,-5.175199433640589181e-02
7.401809244613492211e+00,-1.064186018094189085e-01
7.314858675700653734e+00,-1.576732330827148032e-01
7.226297873089253088e+00,-2.056593612591645637e-01
7.136274640134594449e+00,-2.503386276226071128e-01
7.044862137748366671e+00,-2.916242884362671428e-01
6.952133526209754777e+00,-3.294295995533639831e-01
6.858161965797946458e+00,-3.636678168271146316e-01
6.763020616792111639e+00,-3.942521961107433581e-01
6.666783804930095592e+00,-4.211011086085413857e-01
6.569555474680953466e+00,-4.442629260253399548e-01
6.471470841922315920e+00,-4.639232743844624585e-01
6.372666618831459573e+00,-4.802743471648255880e-01
6.273279517585640619e+00,-4.935083378453499758e-01
6.173446250362136567e+00,-5.038174399049522023e-01
6.073304174306930925e+00,-5.114071219587491557e-01
5.973016257382693261e+00,-5.170099899440857572e-01
5.872779051337895240e+00,-5.220498915938139861e-01
5.772791384292384365e+00,-5.279975282939610715e-01
5.673252084366028569e+00,-5.363236014305536870e-01
5.574359979678689569e+00,-5.484988123896183954e-01
5.476309261209387103e+00,-5.659625326837871562e-01
5.379084908573295465e+00,-5.887406409508071370e-01
5.282382087854535335e+00,-6.149009512490083429e-01
5.185874668942904719e+00,-6.423673943484630167e-01
5.089236521728190965e+00,-6.690639010192441782e-01
4.992141516100182308e+00,-6.929144020314254027e-01
4.894264221203155074e+00,-7.118473714385727957e-01
4.795446014680874391e+00,-7.248750923009426028e-01
4.695910005531885645e+00,-7.334900802905881534e-01
4.595932468303610463e+00,-7.395302849207602280e-01
4.495789677543474028e+00,-7.448336557047100515e-01
4.395757907798909514e+00,-7.512381421556879602e-01
4.296113067264049512e+00,-7.605791483929796870e-01
4.197013411490297941e+00,-7.738746371559571680e-01
4.098331650716694696e+00,-7.901586246385242651e-01
3.999898014668656909e+00,-8.081699757412343921e-01
3.901542733071610147e+00,-8.266475553646399632e-01
3.803096035650959550e+00,-8.443302284092970567e-01
3.704388179433586448e+00,-8.599570645531093849e-01
3.605301874552693686e+00,-8.726605633163898590e-01
3.505881552595785156e+00,-8.827862323849648973e-01
3.406202713635742896e+00,-8.909126117693199065e-01
3.306340857745426298e+00,-8.976182414799419584e-01
3.206371484997715182e+00,-9.034816615273157936e-01
3.106370093577625280e+00,-9.090813983556802480e-01
3.006404439104503279e+00,-9.149403400096358663e-01
2.906516894144044905e+00,-9.213989708519907396e-01
2.806744637618562077e+00,-9.287604535078318735e-01
2.707124848450384036e+00,-9.373279506022450525e-01
2.607694705561837356e+00,-9.474046247603167270e-01
2.508491386375862664e+00,-9.592936265958402764e-01
2.409534241198214577e+00,-9.731552969532581976e-01
2.310780450005616160e+00,-9.886519415628023388e-01
2.212173648438188867e+00,-1.005337364955759538e+00
2.113657472136047044e+00,-1.022765371663416190e+00
2.015175556739305485e+00,-1.040489766217060019e+00
1.916671537888085419e+00,-1.058064353147976755e+00
1.818100879388380386e+00,-1.075132876029382567e+00
1.719471908129979854e+00,-1.091741038903314642e+00
1.620807713393574989e+00,-1.108046796122381439e+00
1.522131385127720060e+00,-1.124208107117486533e+00
1.423466013280977105e+00,-1.140382931319532611e+00
1.324834687801885957e+00,-1.156729228159425027e+00
1.226253781141650068e+00,-1.173365892526146981e+00
1.127701071525654575e+00,-1.190187380701309916e+00
1.029140580412686967e+00,-1.207008148669268754e+00
9.305363123684217141e-01,-1.223642554175120578e+00
8.318522719585131897e-01,-1.239904954963966244e+00
7.330524637486366402e-01,-1.255609708780903278e+00
6.341141563137655535e-01,-1.270636294210183870e+00
5.351134292626590350e-01,-1.285349311437651521e+00
4.361709573496897474e-01,-1.300332304502187952e+00
3.374076323636165387e-01,-1.316169882992498152e+00
2.389443460932193231e-01,-1.333446656497284444e+00
1.409019903272709373e-01,-1.352747234605249371e+00
4.338298437267795737e-02,-1.374567153026369892e+00
-5.369142603228701377e-02,-1.398528332728530277e+00
-1.505026936022632045e-01,-1.423757485123895661e+00
-2.472334449711105775e-01,-1.449375661013295513e+00
-3.440663067726958957e-01,-1.474503911197562189e+00
-4.411839056408861093e-01,-1.498263286477527378e+00
-5.387619035824089408e-01,-1.519808351402384572e+00
-6.368363376440717705e-01,-1.538965545078866848e+00
-7.353141692762952264e-01,-1.556182417690357367e+00
-8.340975092580747985e-01,-1.571929860825127312e+00
-9.330884683684055325e-01,-1.586678766071447422e+00
-1.032189157386275813e+00,-1.600900025017587769e+00
-1.131302309016477992e+00,-1.615061534498799967e+00
-1.230349231597257287e+00,-1.629541744287613003e+00
-1.329272546563540658e+00,-1.644616475414591994e+00
-1.428016048014177253e+00,-1.660555902193391109e+00
-1.526523530048011335e+00,-1.677630198937664296e+00
-1.624738786763907372e+00,-1.696109539961068835e+00
-1.722606553347962643e+00,-1.716259575435420404e+00
-1.820117145521376267e+00,-1.738126833655105452e+00
-1.917325893479491228e+00,-1.761445295165681380e+00
-2.014293109611326571e+00,-1.785924989331982404e+00
-2.111079106305921549e+00,-1.811275945518847408e+00
-2.207744195952294763e+00,-1.837208193091109276e+00
-2.304348701425209534e+00,-1.863431711006725999e+00
-2.400955860948095211e+00,-1.889642463604470413e+00
-2.497635795517450852e+00,-1.915503328462425658e+00
-2.594459619004628959e+00,-1.940672410226077726e+00
-2.691498445280963381e+00,-1.964807813540907055e+00
-2.788823388217791965e+00,-1.987567643052396305e+00
-2.886505561686455223e+00,-2.008610003406027023e+00
-2.984589715753621419e+00,-2.027719738212282685e+00
-3.083013636728542561e+00,-2.045195898954266234e+00
-3.181687987467137990e+00,-2.061467927946144307e+00
-3.280523430822493314e+00,-2.076965267515729519e+00
-3.379430629647695472e+00,-2.092117359990833592e+00
-3.478320246795832293e+00,-2.107353647699269139e+00
-3.577117276896932374e+00,-2.123034720256415042e+00
-3.675821335691676683e+00,-2.139162672592064496e+00
-3.774456247855807689e+00,-2.155623295087631064e+00
-3.873045850700125303e+00,-2.172302317423226992e+00
-3.971613981535429883e+00,-2.189085469278962748e+00
-4.070184477672516898e+00,-2.205858480334947913e+00
-4.168778334506183292e+00,-2.222520591234200094e+00
-4.267397439449083230e+00,-2.239061885289320930e+00
-4.366035804958736222e+00,-2.255509884718961633e+00
-4.464687418938855679e+00,-2.271892228474865050e+00
-4.563346269293143465e+00,-2.288236555508774472e+00
-4.662006343925323648e+00,-2.304570504772436301e+00
-4.760662063037616853e+00,-2.320920053283506146e+00
-4.859311647607277074e+00,-2.337296566310293144e+00
-4.957955291907642170e+00,-2.353703822955785174e+00
-5.056593207013060365e+00,-2.370145537732895935e+00
-5.155225603997905637e+00,-2.386625425154539570e+00
-5.253852693936527984e+00,-2.403147199733628891e+00
-5.352474929989648800e+00,-2.419712319013207047e+00
-5.451095604754994994e+00,-2.436295768480094992e+00
-5.549719854754357584e+00,-2.452855342726752319e+00
-5.648352847786605402e+00,-2.469348544749783603e+00
-5.746999751650589516e+00,-2.485732877545791641e+00
-5.845665734145165437e+00,-2.501965844111378789e+00
-5.944355109573872475e+00,-2.518011787526769130e+00
-6.043058434004415780e+00,-2.533945312148938367e+00
-6.141755143506708592e+00,-2.549930140240172172e+00
-6.240424355810954893e+00,-2.566132545301143875e+00
-6.339045188647374651e+00,-2.582718800832528139e+00
-6.437596759746180730e+00,-2.599855180334998739e+00
-6.536060238206957251e+00,-2.617691651314702828e+00
-6.634464266052411574e+00,-2.636000826894973503e+00
-6.732885120699158676e+00,-2.654176674362705324e+00
-6.831401163427479162e+00,-2.671596596718599059e+00
-6.930090755517654522e+00,-2.687637996963355036e+00
-7.029032258249958254e+00,-2.701678278097671804e+00
-7.128301550277411636e+00,-2.713114425786911532e+00
-7.227886496045509368e+00,-2.722037671155449701e+00
-7.327665313192875729e+00,-2.729404126122742191e+00
-7.427509344601755714e+00,-2.736224129857876886e+00
-7.527289933154382773e+00,-2.743508021529943885e+00
-7.626878421733014335e+00,-2.752266140308032405e+00
-7.726148509155390975e+00,-2.763490942689891483e+00
-7.825068172280280621e+00,-2.777459269988852952e+00
-7.923729438438006589e+00,-2.793506361421701722e+00
-8.022232786322106790e+00,-2.810903306337579011e+00
-8.120678694626148442e+00,-2.828921194085631807e+00
-8.219167642043672117e+00,-2.846831114015002662e+00
-8.317799041941826843e+00,-2.863910860300121541e+00
-8.416597564816294508e+00,-2.879908634961987346e+00
-8.515465336505936733e+00,-2.895343897092265806e+00
-8.614293118319965359e+00,-2.910807630515754418e+00
-8.712971671567562026e+00,-2.926890819057246684e+00
-8.811391757557922588e+00,-2.944184446541539213e+00
-8.909444507605753572e+00,-2.963277550111137248e+00
-9.007076400560423579e+00,-2.984467971071538717e+00
-9.104347626870866961e+00,-3.007455288409999650e+00
-9.201332353577322820e+00,-3.031865547121018079e+00
-9.298104747720046248e+00,-3.057324792199093366e+00
-9.394738976339287007e+00,-3.083459068638722211e+00
-9.491309206374953789e+00,-3.109894422257634794e+00
-9.587888344201315860e+00,-3.136267239888613112e+00
-9.684544888690558295e+00,-3.162250065185398196e+00
-9.781346375987439501e+00,-3.187523339509418907e+00
-9.878360342236705449e+00,-3.211767504222106329e+00
-9.975654323583118099e+00,-3.234663000684892431e+00
-1.007329585617142520e+01,-3.255890270259206520e+00
-1.017133587577359854e+01,-3.275208672114275466e+00
-1.026972386772331269e+01,-3.292859858575531540e+00
-1.036837100329089800e+01,-3.309267626184355660e+00
-1.046718838264480134e+01,-3.324856109499018331e+00
-1.056608710595344292e+01,-3.340049443077787394e+00
-1.066497827338526427e+01,-3.355271761478931580e+00
-1.076378196716294866e+01,-3.370904892394896102e+00
-1.086248966082244394e+01,-3.386994399382262877e+00
-1.096112689624411729e+01,-3.403425378822158009e+00
-1.105971942571931521e+01,-3.420081936027367764e+00
-1.115829300153939130e+01,-3.436848176310679737e+00
-1.125687337599569737e+01,-3.453608204984880192e+00
-1.135548407338183630e+01,-3.470254809765131565e+00
-1.145412519064910128e+01,-3.486772073617320888e+00
-1.155278280739895180e+01,-3.503198704460039892e+00
-1.165144281429755502e+01,-3.519574146483873456e+00
-1.175009110201107454e+01,-3.535937843879403797e+00
-1.184871356120566155e+01,-3.552329240837214019e+00
-1.194729779385715496e+01,-3.568784674585999905e+00
-1.204585582960300449e+01,-3.585296132804454139e+00
-1.214441791740923549e+01,-3.601822525137209130e+00
-1.224301474231984876e+01,-3.618321969509143088e+00
-1.234167698937884339e+01,-3.634752583845135998e+00
-1.244043534363022374e+01,-3.651072486070069623e+00
-1.253931704817597925e+01,-3.667243993297931937e+00
-1.263828007624275784e+01,-3.683313932290349424e+00
-1.273721821942462462e+01,-3.699407431771033039e+00
-1.283602284687941086e+01,-3.715652575849876627e+00
-1.293458532776495318e+01,-3.732177448636778472e+00
-1.303279703123907929e+01,-3.749110134241633308e+00
-1.313055301257194607e+01,-3.766588175475146461e+00
-1.322785892789026896e+01,-3.785032921044843235e+00
-1.332484762196532557e+01,-3.805192090433749730e+00
-1.342165896356057075e+01,-3.827831426949133586e+00
-1.351843282143945579e+01,-3.853716673898259781e+00
-1.361530906436543908e+01,-3.883613574588396400e+00
-1.371242655849351877e+01,-3.918272368555831608e+00
-1.380981594624901376e+01,-3.956769784689399660e+00
-1.390730438097291888e+01,-3.995035911577426990e+00
-1.400469654478197334e+01,-4.028653355484827614e+00
-1.410179711979291994e+01,-4.053204722676515992e+00
-1.419841078812249791e+01,-4.064272619417409693e+00
-1.429434204615113480e+01,-4.057440227605639826e+00
-1.438889080228217665e+01,-4.029854546142940031e+00
-1.447975352928104442e+01,-3.983631935129861024e+00
-1.456430892692925738e+01,-3.921873595404488988e+00
-1.463993569500833480e+01,-3.847680727804911882e+00
-1.470401253329980307e+01,-3.764154533169219885e+00
-1.475396507984763872e+01,-3.674375694821500726e+00
-1.478932794563654696e+01,-3.580503028092616447e+00
-1.481255219259675648e+01,-3.483420517930988947e+00
-1.482630265523447122e+01,-3.383918705651035808e+00
-1.483324416805589685e+01,-3.282788132567173722e+00
-1.483604156556723197e+01,-3.180819339993810502e+00
-1.483735401111565899e+01,-3.078800334103846570e+00
-1.483937797445870288e+01,-2.977312286149150555e+00
-1.484351177939807975e+01,-2.876579577360240059e+00
-1.485107467054418073e+01,-2.776791238708502974e+00
-1.486338589250739872e+01,-2.678136301165315647e+00
-1.488176468989811774e+01,-2.580803795702069969e+00
-1.490722209540259335e+01,-2.484921525554335986e+00
-1.493826522469564289e+01,-2.390119879168572936e+00
-1.497218394531928176e+01,-2.295787432974095044e+00
-1.500626002674697190e+01,-2.201311154681131033e+00
-1.503777524974981539e+01,-2.106078014881263893e+00
-1.506460553196553676e+01,-2.009626512349002248e+00
-1.508681580748595863e+01,-1.912053430833842382e+00
-1.510497502750398624e+01,-1.813584098196559191e+00
-1.511965214321251771e+01,-1.714443842297915355e+00
-1.513141610580445828e+01,-1.614857990998688653e+00
-1.514083976924566421e+01,-1.515049767216839038e+00
-1.514861898039752575e+01,-1.415176058212776811e+00
-1.515559448004791498e+01,-1.315315603368137021e+00
-1.516261532887156349e+01,-1.215542654771495368e+00
-1.517053058754319927e+01,-1.115931464511442206e+00
-1.518018931673755034e+01,-1.016556284676553235e+00
-1.519242292865214061e+01,-9.174896955737783522e-01
-1.520743902732216846e+01,-8.187451862344502507e-01
-1.522466916059922681e+01,-7.202627324648170903e-01
-1.524349632230942042e+01,-6.219777107095504354e-01
-1.526330350627885935e+01,-5.238254974133070840e-01
-1.528347370633365365e+01,-4.257414690207549923e-01
-1.530345747283299396e+01,-3.276678008364992123e-01
-1.532316455933796639e+01,-2.295928821744938897e-01
-1.534269583506345036e+01,-1.315243361445023462e-01
-1.536215279697593061e+01,-3.346984903292015562e-02
-1.538163694204188658e+01,6.456289287384672781e-02
-1.540121717779848254e+01,1.625724089928960447e-01
-1.542065617838626679e+01,2.606155319337513654e-01
-1.543954882607403967e+01,3.587810453596312898e-01
-1.545748828436458311e+01,4.571580602224781797e-01
-1.547406771676068793e+01,5.558356874742244047e-01
-1.548888050361031254e+01,6.549029303327893459e-01
-1.550164288614050356e+01,7.543877517130039845e-01
-1.551239888422744251e+01,8.541552660441236178e-01
-1.552124658889891329e+01,9.540437238789147845e-01
-1.552828409118269626e+01,1.053891375770133143e+00
-1.553360948210657533e+01,1.153536472270534352e+00
-1.553732089112455839e+01,1.252817411941894221e+00
-1.553955027581663195e+01,1.351702891539406037e+00
-1.554052544260300017e+01,1.450530795597926081e+00
-1.554049105654750385e+01,1.549703944286372703e+00
-1.553969178271398910e+01,1.649625157773664252e+00
-1.553837228616629673e+01,1.750697256228729959e+00
-1.553677635860552542e+01,1.853322437634228548e+00
-1.553437893591012298e+01,1.957355164768487477e+00
-1.552847647268759879e+01,2.061097943789372167e+00
-1.551598225522179142e+01,2.162580310586618371e+00
-1.549380956979654478e+01,2.259831801049969613e+00
-1.545887170269569921e+01,2.350881951069159204e+00
-1.540823547498850488e+01,2.433805590678680186e+00
-1.534210074884332720e+01,2.507601825260020956e+00
-1.526359395131439101e+01,2.572133123198793392e+00
-1.517595368882234652e+01,2.627295046804239753e+00
-1.508241856778785994e+01,2.672983158385592528e+00
-1.498615279486872787e+01,2.709132380967232301e+00
-1.488880237018627284e+01,2.736480834959042152e+00
-1.479059514140272391e+01,2.756516905191468858e+00
-1.469170459639311943e+01,2.770757735190102267e+00
-1.459230422303251018e+01,2.780720468480527785e+00
-1.449256750919593451e+01,2.787922248588335261e+00
-1.439266651856605606e+01,2.793866925631036224e+00
-1.429272987433457942e+01,2.799652876293055481e+00
-1.419283583604268451e+01,2.805908383072056811e+00
-1.409305984490857888e+01,2.813235422246180839e+00
-1.399347734215048966e+01,2.822235970093563751e+00
-1.389416376898661731e+01,2.833512002892347503e+00
-1.379519182997689519e+01,2.847642131646129116e+00
-1.369654076481092098e+01,2.864406975017672163e+00
-1.359807538700213314e+01,2.882610194104061385e+00
-1.349965352726441736e+01,2.900995831660877489e+00
-1.340113301631165577e+01,2.918307930443702070e+00
-1.330237168485773758e+01,2.933290533208117168e+00
-1.320322899469599420e+01,2.944698604963190913e+00
-1.310365786195123761e+01,2.951912912174335712e+00
-1.300375357631927287e+01,2.955267602350635681e+00
-1.290362338927386965e+01,2.955176923066720640e+00
-1.280337455228880295e+01,2.952055121897220857e+00
-1.270311431683784598e+01,2.946316446416764379e+00
-1.260295029057722616e+01,2.938369996487210756e+00
-1.250301048899369150e+01,2.928329928609815447e+00
-1.240345401800778369e+01,2.915861066025092985e+00
-1.230444259566015042e+01,2.900590480411497030e+00
-1.220613793999143937e+01,2.882145243447482574e+00
-1.210870176904229822e+01,2.860152426811502835e+00
-1.201229433766684274e+01,2.834243791223077125e+00
-1.191691062187535444e+01,2.804580762805810590e+00
-1.182223074339805002e+01,2.772333774133352247e+00
-1.172789949189829706e+01,2.738786485661586667e+00
-1.163356165703945422e+01,2.705222557846401532e+00
-1.153886202848489617e+01,2.672925651143683634e+00
-1.144344539589798337e+01,2.643179426009317545e+00
-1.134705420363344786e+01,2.616911821938552318e+00
-1.124990946492746069e+01,2.593307523905493017e+00
-1.115237855935172284e+01,2.571018056902364179e+00
-1.105482890353744274e+01,2.548694810926889431e+00
-1.095762791411583947e+01,2.524989175976792399e+00
-1.086114300771813035e+01,2.498552542049797154e+00
-1.076568600227939321e+01,2.468252390442742250e+00
-1.067108128166946557e+01,2.434850676023245342e+00
-1.057690075336440039e+01,2.400090634798984546e+00
-1.048271419308641406e+01,2.365723788106068426e+00
-1.038809137655772119e+01,2.333501657280605546e+00
-1.029260207950053463e+01,2.305175763658704913e+00
-1.019582545093143544e+01,2.282462725558589423e+00
-1.009765950904474252e+01,2.265891798970921744e+00
-9.998391931929988985e+00,2.254541276568376329e+00
-9.898334107760851097e+00,2.247401162588624768e+00
-9.797797424710987357e+00,2.243461461269338209e+00
-9.697093270954059818e+00,2.241712176848188243e+00
-9.596528840801537896e+00,2.241151997209625435e+00
-9.496250653370141848e+00,2.241112298002275960e+00
-9.396197860824168302e+00,2.241353820763348992e+00
-9.296295892191452026e+00,2.241665721618841367e+00
-9.196470176499822458e+00,2.241837156694749478e+00
-9.096646142777114363e+00,2.241657282117071492e+00
-8.996750496237844175e+00,2.240922731367958054e+00
-8.896758835344380500e+00,2.239716610302785682e+00
-8.796709860046640017e+00,2.238491745212513262e+00
-8.696646446226703020e+00,2.237725429758289142e+00
-8.596611469766642699e+00,2.237894957601263446e+00
-8.496647806548530468e+00,2.239477622402585411e+00
-8.396797439187713152e+00,2.242942099822616164e+00
-8.297068127475881738e+00,2.248426892785828191e+00
-8.197423463325202775e+00,2.255644384216525022e+00
-8.097824115704574055e+00,2.264278757256720898e+00
-7.998230753582894259e+00,2.274014195048430054e+00
-7.898604045929066508e+00,2.284534880733667617e+00
-7.798907076830239760e+00,2.295534789142663623e+00
-7.699207837722152448e+00,2.307133224195534904e+00
-7.599717339969436658e+00,2.320029339908808552e+00
-7.500656862802649094e+00,2.334963919623642692e+00
-7.402247685452354453e+00,2.352677746681195448e+00
-7.304711087149110327e+00,2.373911604422624055e+00
-7.208267259926803838e+00,2.399400776154778647e+00
-7.113051537599537788e+00,2.429451254759818823e+00
-7.019054992614702115e+00,2.463639227291637646e+00
-6.926254670516845735e+00,2.501469919910808581e+00
-6.834627616850513121e+00,2.542448558777906875e+00
-6.744150877160246971e+00,2.586080370053507327e+00
-6.654801496990591758e+00,2.631870579898184292e+00
-6.566541290219333860e+00,2.679344541836389926e+00
-6.479219107068703742e+00,2.728176881342672999e+00
-6.392633013270870634e+00,2.778109331315012476e+00
-6.306580831693040068e+00,2.828883945576974313e+00
-6.220860385202415799e+00,2.880242777952120026e+00
-6.135269496666200695e+00,2.931927882264016016e+00
-6.049605988951602065e+00,2.983681312336222913e+00
